# OpenCV traffic intelligence Sun Nov 15 18:13:20 2009
# Incident/0306022035.avi ./Miss-prototypes.txt ./Miss 14.985 0 1.5 3 0 138 1000 0.05 3 5 5 3 0.01 1 3 0.6 0 20 5 5 20 0.3 20 4 0.5 1.6 6 0.5 0.02 3 0 -1 1.5 3.5 4 1.6 10 30 static 30 5 0.7 2.5 0.05 30 0.005 1 15 5 -2 0.1 0.05 8 100 2.5 0.5 1 0 0.7 
-1 17 51 5 1.000e+00 1 11 19 18 17 22 10 9 21 27 23 26 29 28 25 24 20 16 15 14 12 3 2 7 13 8 5 4 
8.248e+00 7.380e+00 7.208e+00 6.947e+00 6.787e+00 6.707e+00 6.584e+00 6.392e+00 6.173e+00 5.993e+00 5.857e+00 5.745e+00 5.664e+00 5.549e+00 5.449e+00 5.396e+00 5.344e+00 5.301e+00 5.253e+00 5.224e+00 5.215e+00 5.209e+00 5.229e+00 5.278e+00 5.330e+00 5.303e+00 5.314e+00 5.370e+00 5.318e+00 5.316e+00 5.351e+00 5.433e+00 5.662e+00 6.219e+00 6.852e+00 
8.802e+00 7.548e+00 8.318e+00 8.819e+00 9.530e+00 1.028e+01 1.090e+01 1.161e+01 1.228e+01 1.299e+01 1.380e+01 1.463e+01 1.545e+01 1.630e+01 1.715e+01 1.804e+01 1.892e+01 1.978e+01 2.064e+01 2.148e+01 2.229e+01 2.307e+01 2.385e+01 2.459e+01 2.535e+01 2.586e+01 2.650e+01 2.696e+01 2.715e+01 2.777e+01 2.832e+01 2.860e+01 2.896e+01 2.940e+01 2.978e+01 
-3.193e-04 -1.483e-01 -1.633e-01 -1.597e-01 -1.586e-01 -1.561e-01 -1.604e-01 -1.570e-01 -1.556e-01 -1.459e-01 -1.440e-01 -1.331e-01 -1.190e-01 -1.130e-01 -1.087e-01 -9.213e-02 -8.015e-02 -7.268e-02 -5.929e-02 -4.503e-02 -3.622e-02 -2.711e-02 -1.426e-02 5.026e-03 2.127e-02 3.778e-02 5.292e-02 5.860e-02 5.888e-02 6.963e-02 8.547e-02 9.486e-02 1.034e-01 1.089e-01 1.246e-01 
1.845e-03 5.003e-01 5.764e-01 6.214e-01 6.496e-01 6.674e-01 6.946e-01 7.156e-01 7.332e-01 7.550e-01 7.712e-01 7.876e-01 8.011e-01 8.237e-01 8.326e-01 8.471e-01 8.565e-01 8.658e-01 8.668e-01 8.657e-01 8.506e-01 8.308e-01 8.142e-01 7.911e-01 7.735e-01 7.593e-01 7.481e-01 7.328e-01 7.336e-01 7.083e-01 6.898e-01 6.826e-01 6.505e-01 5.827e-01 4.681e-01 
0
8.96587 9.57038 9.40243 9.2705 9.12049 9.25228 9.07229 8.83928 8.58004 8.40035 8.26271 8.05889 7.84147 7.66725 7.57012 7.42416 7.31002 7.21411 7.10989 7.04878 7.0626 6.9667 6.94547 6.87227 6.84593 6.70235 6.72314 6.77565 6.87847 6.88339 6.3829 6.63947 6.64084 6.741 6.852 
5.85702 5.22273 5.72103 6.14487 6.75116 7.53048 8.22159 8.8983 9.63109 10.3746 11.1622 11.9419 12.6497 13.5133 14.31 15.1643 16.0432 16.9335 17.7836 18.6819 19.5957 20.4734 21.3242 22.1381 22.9599 23.7478 24.5462 25.2998 26.0463 26.7138 27.4109 27.9665 28.5788 29.2087 29.78 
5.60297 6.40043 6.50738 6.67402 6.76171 6.54154 6.54635 6.42165 6.39424 6.42761 6.44974 6.50192 6.55568 6.48341 6.50725 6.44748 6.32824 6.22315 6.12777 5.96664 5.78422 5.60844 5.43641 5.26837 5.13582 4.6537 4.42401 4.1589 2.22281 2.12535 1.47667 1.17072 0.408427 0.174224 3.79754e-07 
0.397967 2.9985 3.03165 3.06898 3.12613 3.47127 3.44262 3.40117 3.32183 3.91163 3.86016 3.66346 3.47393 3.58288 3.96071 3.94407 3.96581 3.96115 3.96042 3.90084 3.89878 3.77793 3.76611 3.58686 3.54557 3.3038 3.27997 3.31926 3.3182 3.18689 2.52679 2.7133 1.60068 1.09564 -4.36315e-08 
1.74221 1.85895 1.84686 1.82231 1.81022 1.80063 1.7978 1.78672 1.77995 1.76166 1.75536 1.73828 1.71828 1.70714 1.7006 1.67913 1.6641 1.65454 1.63908 1.62277 1.61335 1.60342 1.58831 1.56444 1.5433 1.52108 1.50017 1.491 1.49071 1.4728 1.44752 1.43271 1.41318 1.38606 1.31065 
%
-1 15 124 5 1.000e+00 30 31 89 186 190 180 176 175 148 147 174 196 171 199 194 198 131 134 132 170 127 138 106 188 169 163 168 172 165 105 185 187 111 103 167 92 96 137 100 166 82 85 64 81 95 184 87 94 80 77 75 45 70 125 49 136 44 62 65 91 99 90 98 71 86 59 58 60 57 56 55 84 54 37 61 74 79 69 83 76 78 68 73 6 88 0 72 67 192 129 
1.734e+01 1.735e+01 1.648e+01 1.634e+01 1.631e+01 1.627e+01 1.627e+01 1.630e+01 1.625e+01 1.621e+01 1.622e+01 1.601e+01 1.599e+01 1.596e+01 1.580e+01 1.575e+01 1.570e+01 1.568e+01 1.560e+01 1.560e+01 1.550e+01 1.543e+01 1.537e+01 1.542e+01 1.530e+01 1.526e+01 1.519e+01 1.513e+01 1.509e+01 1.494e+01 1.488e+01 1.482e+01 1.474e+01 1.467e+01 1.454e+01 1.455e+01 1.449e+01 1.439e+01 1.429e+01 1.419e+01 1.408e+01 1.398e+01 1.389e+01 1.375e+01 1.362e+01 1.354e+01 1.335e+01 1.310e+01 1.304e+01 1.285e+01 1.271e+01 1.259e+01 1.252e+01 1.239e+01 1.230e+01 1.221e+01 1.211e+01 1.204e+01 1.187e+01 1.177e+01 1.165e+01 1.154e+01 1.150e+01 1.144e+01 1.137e+01 1.126e+01 1.120e+01 1.114e+01 1.111e+01 1.110e+01 1.122e+01 1.117e+01 1.114e+01 1.128e+01 1.150e+01 1.167e+01 1.160e+01 1.171e+01 1.169e+01 1.168e+01 1.161e+01 1.150e+01 1.144e+01 1.133e+01 1.135e+01 1.139e+01 1.158e+01 1.176e+01 1.183e+01 1.187e+01 1.200e+01 1.225e+01 1.229e+01 1.236e+01 1.242e+01 1.248e+01 1.260e+01 1.269e+01 1.276e+01 1.284e+01 1.290e+01 1.302e+01 1.306e+01 1.311e+01 1.312e+01 1.318e+01 1.326e+01 1.329e+01 1.329e+01 1.295e+01 
-8.955e+00 -8.939e+00 -1.025e+01 -1.060e+01 -1.051e+01 -1.040e+01 -1.020e+01 -1.015e+01 -1.001e+01 -9.887e+00 -9.673e+00 -9.251e+00 -8.819e+00 -8.688e+00 -8.518e+00 -8.405e+00 -8.168e+00 -8.023e+00 -7.875e+00 -7.586e+00 -7.466e+00 -7.344e+00 -7.177e+00 -6.938e+00 -6.794e+00 -6.584e+00 -6.346e+00 -6.139e+00 -5.836e+00 -5.558e+00 -5.251e+00 -4.999e+00 -4.763e+00 -4.454e+00 -4.559e+00 -4.165e+00 -3.933e+00 -3.852e+00 -3.550e+00 -3.131e+00 -2.890e+00 -2.512e+00 -2.248e+00 -1.931e+00 -1.657e+00 -1.236e+00 -7.445e-01 -2.145e-01 2.874e-01 8.708e-01 1.426e+00 1.906e+00 2.406e+00 2.791e+00 3.338e+00 3.869e+00 4.530e+00 5.171e+00 6.030e+00 6.770e+00 7.527e+00 8.338e+00 9.307e+00 1.018e+01 1.108e+01 1.194e+01 1.286e+01 1.381e+01 1.478e+01 1.574e+01 1.662e+01 1.756e+01 1.841e+01 1.935e+01 2.012e+01 2.096e+01 2.222e+01 2.307e+01 2.390e+01 2.449e+01 2.498e+01 2.542e+01 2.580e+01 2.615e+01 2.650e+01 2.674e+01 2.697e+01 2.717e+01 2.735e+01 2.756e+01 2.766e+01 2.786e+01 2.790e+01 2.809e+01 2.831e+01 2.848e+01 2.864e+01 2.877e+01 2.889e+01 2.903e+01 2.912e+01 2.926e+01 2.932e+01 2.944e+01 2.949e+01 2.950e+01 2.961e+01 2.964e+01 2.965e+01 2.979e+01 
8.121e-03 8.121e-03 -3.007e-03 -1.170e-02 -1.866e-02 -2.932e-02 -2.093e-02 -3.276e-02 -3.958e-02 -3.811e-02 -2.757e-02 -3.689e-02 -3.936e-02 -3.290e-02 -3.468e-02 -4.353e-02 -4.002e-02 -3.429e-02 -4.590e-02 -5.109e-02 -5.204e-02 -5.836e-02 -6.324e-02 -5.694e-02 -5.508e-02 -5.308e-02 -5.361e-02 -5.568e-02 -5.492e-02 -5.903e-02 -6.319e-02 -6.242e-02 -6.646e-02 -7.029e-02 -7.053e-02 -7.188e-02 -8.335e-02 -8.864e-02 -9.645e-02 -9.508e-02 -1.059e-01 -1.076e-01 -1.046e-01 -1.092e-01 -1.095e-01 -1.107e-01 -1.166e-01 -1.173e-01 -1.163e-01 -1.264e-01 -1.287e-01 -1.295e-01 -1.353e-01 -1.364e-01 -1.247e-01 -1.202e-01 -1.213e-01 -1.181e-01 -1.127e-01 -1.095e-01 -1.126e-01 -1.106e-01 -1.026e-01 -9.859e-02 -9.096e-02 -8.604e-02 -7.573e-02 -6.708e-02 -5.500e-02 -4.516e-02 -2.134e-02 2.236e-03 4.329e-02 8.221e-02 1.268e-01 1.585e-01 1.367e-01 1.352e-01 9.343e-02 6.476e-02 2.885e-02 8.559e-03 -1.302e-02 -2.639e-02 -1.918e-02 1.605e-03 2.364e-02 4.400e-02 8.214e-02 1.031e-01 1.367e-01 1.496e-01 1.737e-01 1.549e-01 1.199e-01 9.215e-02 7.169e-02 6.251e-02 6.539e-02 7.121e-02 7.341e-02 6.912e-02 6.014e-02 4.947e-02 4.225e-02 3.577e-02 3.301e-02 2.948e-02 2.770e-02 2.564e-02 
1.597e-02 1.597e-02 -2.355e-03 1.741e-02 4.620e-02 6.843e-02 1.048e-01 1.053e-01 1.247e-01 1.322e-01 1.540e-01 1.173e-01 1.105e-01 1.153e-01 1.184e-01 1.093e-01 1.140e-01 1.256e-01 1.327e-01 1.344e-01 1.427e-01 1.436e-01 1.485e-01 1.738e-01 1.768e-01 1.880e-01 2.066e-01 2.145e-01 2.266e-01 2.344e-01 2.529e-01 2.560e-01 2.602e-01 2.628e-01 2.733e-01 2.700e-01 2.649e-01 2.589e-01 2.617e-01 2.637e-01 2.548e-01 2.899e-01 3.189e-01 3.281e-01 3.544e-01 3.841e-01 4.076e-01 4.471e-01 4.638e-01 4.791e-01 5.058e-01 5.154e-01 5.413e-01 5.739e-01 6.007e-01 6.128e-01 6.339e-01 6.534e-01 6.888e-01 7.050e-01 7.250e-01 7.490e-01 7.791e-01 8.020e-01 8.299e-01 8.558e-01 8.814e-01 9.100e-01 9.328e-01 9.449e-01 9.424e-01 9.248e-01 9.044e-01 8.802e-01 8.543e-01 8.574e-01 8.545e-01 8.313e-01 7.712e-01 7.264e-01 6.453e-01 5.603e-01 4.888e-01 4.345e-01 3.969e-01 3.670e-01 3.534e-01 3.366e-01 3.060e-01 2.706e-01 2.430e-01 2.238e-01 1.994e-01 1.883e-01 1.840e-01 1.784e-01 1.724e-01 1.614e-01 1.477e-01 1.305e-01 1.163e-01 1.079e-01 9.559e-02 8.461e-02 7.382e-02 6.543e-02 5.752e-02 5.063e-02 4.037e-02 3.140e-02 
0
17.34 17.35 17.35 18.597 18.4343 18.4968 18.0084 18.2622 18.2631 18.1407 17.8667 18.1872 18.1993 18.0355 18.0638 18.2136 18.116 17.9256 18.0357 18.0508 17.9897 17.9713 17.9587 17.7016 17.7361 17.5938 17.5201 17.4783 17.4094 17.3915 17.3757 17.3122 17.3227 17.3115 17.3526 17.3382 17.4665 17.4992 17.4721 17.3753 17.3422 17.0463 16.7471 16.7424 16.5714 16.4299 16.4031 16.2121 16.0798 16.0798 15.9464 15.8321 15.7224 15.5576 15.3245 15.2152 15.1045 14.9374 14.7574 14.6423 14.5637 14.4255 14.215 14.0953 13.977 13.9119 13.7759 13.6326 13.5085 13.4546 13.3385 13.262 12.9719 13.2109 13.4295 13.8622 14.6337 15.0686 16.347 16.6797 16.9388 17.0688 17.2026 17.2888 17.2413 17.05 16.9296 16.5067 15.4373 13.0599 12.8555 13.0896 13.0994 13.432 13.9512 14.3088 14.5249 14.6277 14.6149 14.5186 14.4164 14.5229 14.5992 14.7308 14.8201 14.9382 14.9536 14.9674 14.8219 13.6185 
-8.955 -8.939 -8.907 -10.7579 -11.5003 -11.3104 -11.8271 -11.432 -11.2566 -11.2321 -11.3894 -10.8741 -10.6016 -10.6951 -10.5225 -10.0314 -10.0556 -10.1589 -9.773 -9.46158 -9.35519 -9.06224 -8.78447 -8.75336 -8.76903 -8.68186 -8.62143 -8.39693 -8.25279 -8.07211 -7.88748 -7.75552 -7.49363 -7.24627 -7.5616 -7.21946 -6.83761 -6.60273 -6.27762 -6.15197 -5.70097 -5.74173 -5.75418 -5.42817 -5.26772 -4.99375 -4.61587 -4.31739 -3.94119 -3.4596 -3.03139 -2.5494 -2.05392 -1.56029 -1.16132 -0.70507 -0.166071 0.461458 1.069 1.70869 2.39373 3.1685 4.17811 4.92514 5.75288 6.44019 7.25539 8.09899 8.96257 9.8803 10.715 11.5507 12.2292 12.9506 13.7515 14.5513 15.221 15.232 20.9023 21.7706 22.6569 23.3573 24.1307 24.7613 25.065 25.0166 24.8841 24.7495 24.4355 25.1092 25.2211 25.2762 25.1681 25.2958 25.6476 25.9515 26.2266 26.436 26.5263 26.5646 26.543 26.754 26.8299 26.9288 26.9539 27.0085 27.0247 27.0654 26.9984 27.7912 
2.32574e-09 2.33945e-09 2.96171 2.23591 2.94892 2.96278 3.46519 3.27175 3.28147 3.32412 3.612 4.68635 4.88075 4.93662 4.83903 4.5404 4.55623 4.61607 4.46606 4.31051 4.27875 4.13657 4.02726 4.11626 4.30736 4.38632 4.5527 4.59081 4.65885 4.76942 4.90584 5.00962 5.01596 5.03104 5.52267 5.37222 5.26084 5.24606 5.23147 6.24487 6.02515 6.58151 6.85221 6.94229 7.19884 7.36967 7.52877 7.76186 7.90039 8.00326 8.16633 8.24003 8.47179 8.70166 8.87347 9.1646 9.47485 9.60596 9.78172 9.87896 9.86588 9.75437 9.56253 9.66661 9.30209 9.39722 9.41927 9.54948 9.63566 9.63884 9.63798 9.60494 9.66647 9.59996 9.30029 8.92672 8.80915 9.32201 4.25338 3.95227 3.67795 3.47822 3.22111 3.09807 2.88654 2.85856 3.75131 4.22114 4.90094 5.10225 5.04918 5.23217 2.86088 2.7913 2.66554 2.68247 2.74322 2.73664 2.6524 2.52024 2.49081 2.33392 2.33041 2.34902 2.37575 2.38372 2.35847 2.3231 2.23271 1.70124 
8.48531e-07 -7.75662e-07 0.985812 3.24922 2.7763 2.9447 2.40189 2.65198 2.72073 2.59207 2.41573 2.75394 2.85501 2.68149 2.7653 3.05011 2.94205 2.87202 2.98982 3.14627 3.1078 3.2074 3.28107 3.04092 3.82944 3.65115 3.60563 3.59361 3.5081 3.61089 3.58254 3.59454 3.62555 3.74878 3.65767 3.65492 3.93036 3.9421 4.02315 3.94285 4.05394 3.79425 3.42899 4.0009 3.97354 4.06872 4.18562 4.21009 4.19481 4.39015 4.388 4.38746 4.41227 4.64961 4.62812 4.60696 4.59914 4.58412 4.37681 4.40193 4.4348 4.48804 4.51235 4.55474 4.60552 4.64094 4.63256 4.66415 4.64377 4.78781 4.14817 4.26114 4.63336 4.80206 5.083 5.76573 6.46459 7.14295 7.57897 7.92919 8.1684 8.27855 8.30953 8.24075 8.07685 7.74741 7.47096 6.94632 5.91753 3.34872 2.97748 2.82533 3.25925 3.41065 3.4698 3.51756 3.45472 3.39839 3.42789 3.51426 3.57309 3.5544 3.58114 3.55831 3.58775 3.58479 3.61908 3.60509 3.61037 2.28193 
1.10036 1.10036 -2.47726 2.16242 1.95463 1.97556 1.76784 1.8725 1.87827 1.85143 1.748 1.87539 1.91313 1.84877 1.85579 1.94983 1.90836 1.83721 1.90369 1.93422 1.9205 1.95687 1.97339 1.88742 1.87279 1.84599 1.82467 1.82482 1.80855 1.81752 1.81567 1.80995 1.82091 1.83217 1.82333 1.83098 1.87565 1.90064 1.92393 1.91685 1.96472 1.9261 1.88785 1.89217 1.87039 1.85129 1.84934 1.82729 1.8165 1.8287 1.82004 1.81697 1.81577 1.80406 1.7755 1.76452 1.75988 1.74955 1.73297 1.72487 1.72488 1.71744 1.70179 1.69311 1.67996 1.671 1.6565 1.64438 1.62969 1.61855 1.59343 1.56838 1.52297 1.47767 1.42347 1.38799 1.41214 1.40956 1.45024 1.48188 1.52612 1.55552 1.59742 1.63146 1.61907 1.56642 1.50399 1.44079 1.30856 1.20685 1.05826 0.981528 0.854108 0.882304 0.993328 1.09392 1.17668 1.20123 1.1539 1.07121 1.00772 1.00107 1.00923 1.0417 1.05095 1.0705 1.04983 1.04361 0.969386 0.886056 
%
-1 68 137 5 1.000e+00 231 292 218 179 212 160 206 290 126 289 205 214 
1.818e+01 1.807e+01 1.800e+01 1.794e+01 1.786e+01 1.778e+01 1.773e+01 1.768e+01 1.765e+01 1.760e+01 1.711e+01 1.713e+01 1.712e+01 1.709e+01 1.704e+01 1.706e+01 1.681e+01 1.681e+01 1.675e+01 1.671e+01 1.667e+01 1.660e+01 1.657e+01 1.650e+01 1.644e+01 1.637e+01 1.631e+01 1.624e+01 1.619e+01 1.615e+01 1.608e+01 1.598e+01 1.593e+01 1.598e+01 1.593e+01 1.591e+01 1.585e+01 1.580e+01 1.575e+01 1.570e+01 1.564e+01 1.562e+01 1.555e+01 1.552e+01 1.547e+01 1.533e+01 1.528e+01 1.525e+01 1.511e+01 1.505e+01 1.504e+01 1.502e+01 1.499e+01 1.496e+01 1.495e+01 1.491e+01 1.472e+01 1.471e+01 1.468e+01 1.467e+01 1.472e+01 1.429e+01 1.425e+01 1.426e+01 1.424e+01 1.423e+01 1.419e+01 1.432e+01 1.432e+01 1.430e+01 
-1.127e+01 -1.118e+01 -1.114e+01 -1.107e+01 -1.103e+01 -1.094e+01 -1.089e+01 -1.078e+01 -1.070e+01 -1.060e+01 -1.089e+01 -1.081e+01 -1.066e+01 -1.058e+01 -1.047e+01 -9.983e+00 -1.006e+01 -9.889e+00 -9.536e+00 -9.603e+00 -9.489e+00 -9.359e+00 -9.234e+00 -9.100e+00 -8.971e+00 -8.810e+00 -8.668e+00 -8.534e+00 -8.404e+00 -8.512e+00 -8.349e+00 -8.014e+00 -7.920e+00 -7.692e+00 -7.526e+00 -7.262e+00 -7.142e+00 -7.013e+00 -6.886e+00 -6.757e+00 -6.653e+00 -6.520e+00 -6.388e+00 -6.224e+00 -6.099e+00 -6.123e+00 -5.985e+00 -5.865e+00 -5.907e+00 -5.739e+00 -5.611e+00 -5.506e+00 -5.359e+00 -5.275e+00 -5.171e+00 -4.872e+00 -4.809e+00 -4.701e+00 -4.628e+00 -4.523e+00 -4.689e+00 -5.155e+00 -5.056e+00 -4.998e+00 -4.909e+00 -4.823e+00 -4.740e+00 -4.324e+00 -4.243e+00 -4.210e+00 
-1.084e-01 -1.084e-01 -8.991e-02 -8.017e-02 -7.982e-02 -8.075e-02 -6.921e-02 -6.445e-02 -5.837e-02 -5.322e-02 8.033e-03 1.154e-02 4.509e-03 -7.896e-03 -1.472e-02 -1.517e-02 -3.647e-02 -3.022e-02 -4.337e-02 -4.872e-02 -4.512e-02 -4.766e-02 -5.014e-02 -5.381e-02 -5.445e-02 -5.897e-02 -5.875e-02 -6.430e-02 -6.199e-02 -6.616e-02 -6.590e-02 -5.777e-02 -5.453e-02 -5.581e-02 -5.302e-02 -5.440e-02 -5.652e-02 -5.640e-02 -5.097e-02 -5.179e-02 -5.280e-02 -4.605e-02 -4.800e-02 -4.633e-02 -4.736e-02 -4.377e-02 -4.828e-02 -4.063e-02 -4.046e-02 -4.276e-02 -3.672e-02 -3.055e-02 -3.075e-02 -3.083e-02 -1.950e-02 -2.311e-02 -2.317e-02 -1.979e-02 -1.828e-02 -2.122e-02 -1.518e-02 -1.713e-02 -2.206e-02 -1.471e-02 -1.571e-02 -1.774e-02 -1.980e-02 -1.143e-02 -1.377e-02 -1.356e-02 
9.039e-02 9.039e-02 6.834e-02 6.754e-02 6.177e-02 6.600e-02 5.792e-02 7.052e-02 7.430e-02 8.607e-02 7.098e-02 7.469e-02 1.074e-01 1.003e-01 1.034e-01 1.049e-01 1.063e-01 1.230e-01 1.329e-01 1.306e-01 1.291e-01 1.351e-01 1.290e-01 1.273e-01 1.263e-01 1.358e-01 1.381e-01 1.400e-01 1.392e-01 1.447e-01 1.457e-01 1.315e-01 1.259e-01 1.440e-01 1.465e-01 1.388e-01 1.350e-01 1.422e-01 1.369e-01 1.302e-01 1.217e-01 1.246e-01 1.250e-01 1.324e-01 1.316e-01 1.414e-01 1.423e-01 1.414e-01 1.288e-01 1.367e-01 1.318e-01 1.246e-01 1.285e-01 1.264e-01 1.137e-01 1.071e-01 1.165e-01 1.080e-01 1.050e-01 1.028e-01 9.624e-02 8.653e-02 8.559e-02 8.188e-02 7.983e-02 8.475e-02 8.314e-02 7.626e-02 8.059e-02 6.949e-02 
0
18.18 18.07 18 17.94 17.86 17.78 17.73 17.68 17.65 17.6 17.4555 17.3987 17.5291 17.6314 17.6586 17.6092 17.872 17.8179 17.9444 18.1045 18.0549 18.0201 18.0466 18.0677 18.0429 17.9755 17.9144 17.9177 17.8695 18.2673 18.2476 18.1917 18.1252 17.9571 17.8988 17.9106 17.9125 17.839 17.7552 17.7629 17.7248 17.6202 17.635 17.5414 17.5323 17.449 17.4716 17.2726 17.2182 17.2127 17.1441 17.048 17.0386 17.035 16.8558 16.8107 16.1602 16.1303 16.0884 16.1352 15.9936 15.0912 15.1272 15.0481 15.0547 15.0693 15.0611 14.8375 14.8727 14.8653 
-11.27 -11.18 -11.14 -11.07 -11.03 -10.94 -10.89 -10.78 -10.7 -10.6 -11.7865 -11.7025 -11.461 -11.3106 -11.1334 -11.0113 -10.6231 -10.6286 -10.3186 -10.3308 -10.2406 -10.0838 -9.84956 -9.64252 -9.50616 -9.31384 -9.13609 -8.89156 -8.76016 -9.49298 -9.34121 -9.23648 -9.14542 -9.10747 -9.03864 -8.80162 -8.62554 -8.48037 -8.37325 -8.17347 -7.88804 -7.95704 -7.82988 -7.72207 -7.53538 -7.54431 -7.3633 -7.40043 -7.2316 -7.10564 -7.10258 -7.03227 -6.91669 -6.85855 -6.98169 -6.27702 -6.27347 -6.20794 -6.12863 -5.89664 -5.97102 -5.96812 -5.77676 -5.8424 -5.72997 -5.60487 -5.46876 -4.82189 -4.73587 -4.6754 
-2.5168e-07 9.15417e-07 -8.31314e-07 -4.78911e-07 6.91417e-07 -3.62206e-07 8.91702e-07 4.34235e-07 -4.80018e-07 8.91245e-07 1.2846 1.31799 1.2121 1.1642 1.12468 2.16363 1.94655 2.17125 2.11826 2.37373 2.41002 2.40432 2.31075 2.27539 2.24709 2.1914 2.14046 2.10924 2.06601 3.07338 3.05952 3.61817 3.53547 3.52546 3.51971 3.44894 3.42613 3.31708 3.23927 3.24757 3.11968 3.18229 3.1922 3.17327 3.13006 3.17533 3.27626 3.32719 3.29306 3.32386 3.42679 3.36279 3.3951 3.43859 3.58849 3.01865 2.9746 3.05393 3.0234 2.89443 2.97635 1.85954 1.79147 1.91252 1.8895 1.85114 1.81722 1.19711 1.20307 1.17618 
-5.09739e-08 -1.0666e-07 5.97276e-08 9.21146e-08 7.48656e-08 3.51465e-08 8.62845e-09 -1.22331e-07 1.57945e-07 -2.60983e-07 0.679847 0.605803 0.739798 0.884106 0.968294 0.969218 1.80822 1.83869 2.05701 2.19987 2.18093 2.2622 2.34959 2.45874 2.5203 2.45442 2.50694 2.61344 2.67238 2.74736 2.79921 2.80379 2.80173 2.73116 2.68087 2.71386 2.74045 2.81009 2.79753 2.80361 2.87469 2.79983 2.86179 2.84645 2.94164 3.25445 3.33945 3.11711 3.08601 3.16189 3.08057 3.0052 2.99215 3.03603 2.82749 2.91632 2.25346 2.23689 2.20097 2.26196 2.13218 1.22454 1.31895 1.22822 1.24261 1.25364 1.26552 1.25608 1.2915 1.30958 
2.44655 2.44655 2.49166 2.44149 2.48299 2.45637 2.44477 2.31125 2.23669 2.12459 1.4581 1.41746 1.52883 1.64937 1.7123 1.71439 1.90144 1.81164 1.8863 1.92786 1.90692 1.90988 1.94139 1.97082 1.97786 1.98049 1.97296 2.0014 1.98967 1.99968 1.99557 1.98482 1.97956 1.94061 1.91813 1.94423 1.96723 1.94844 1.92727 1.94944 1.98006 1.92474 1.9374 1.90744 1.91618 1.87101 1.89786 1.85055 1.87529 1.87392 1.84251 1.81128 1.80565 1.8101 1.74059 1.78327 1.7671 1.75197 1.7431 1.77439 1.7272 1.76629 1.82309 1.74851 1.76504 1.77714 1.80464 1.71959 1.74006 1.76355 
%
-1 20 137 5 1.000e+00 50 53 52 48 51 233 288 287 259 285 257 286 284 219 283 255 225 223 253 260 254 252 183 282 281 251 162 249 250 248 280 279 278 277 247 211 197 154 159 130 121 118 112 115 122 120 119 117 113 149 114 158 151 123 150 141 145 207 203 216 210 275 276 228 274 246 209 217 208 173 244 243 242 269 245 273 272 271 222 193 221 238 241 237 236 240 239 291 215 235 268 156 110 267 266 109 144 220 264 234 265 204 263 232 262 47 43 42 41 34 39 46 36 40 38 
-2.028e+01 -2.008e+01 -1.991e+01 -1.976e+01 -1.953e+01 -1.933e+01 -1.875e+01 -1.870e+01 -1.848e+01 -1.825e+01 -1.804e+01 -1.786e+01 -1.774e+01 -1.753e+01 -1.729e+01 -1.668e+01 -1.645e+01 -1.615e+01 -1.586e+01 -1.593e+01 -1.596e+01 -1.567e+01 -1.578e+01 -1.544e+01 -1.518e+01 -1.490e+01 -1.478e+01 -1.449e+01 -1.417e+01 -1.388e+01 -1.352e+01 -1.348e+01 -1.312e+01 -1.282e+01 -1.245e+01 -1.229e+01 -1.192e+01 -1.155e+01 -1.120e+01 -1.091e+01 -1.050e+01 -1.023e+01 -9.761e+00 -9.361e+00 -9.124e+00 -8.662e+00 -8.139e+00 -7.596e+00 -7.016e+00 -6.675e+00 -6.053e+00 -5.433e+00 -4.788e+00 -4.314e+00 -3.733e+00 -3.116e+00 -2.356e+00 -1.691e+00 -8.214e-01 -2.926e-02 9.198e-01 1.637e+00 2.413e+00 3.114e+00 3.682e+00 3.876e+00 4.297e+00 5.076e+00 5.778e+00 7.201e+00 8.463e+00 9.791e+00 1.068e+01 1.137e+01 1.221e+01 1.294e+01 1.370e+01 1.440e+01 1.514e+01 1.585e+01 1.651e+01 1.717e+01 1.780e+01 1.845e+01 1.905e+01 1.959e+01 2.012e+01 2.052e+01 2.096e+01 2.137e+01 2.172e+01 2.203e+01 2.226e+01 2.253e+01 2.273e+01 2.264e+01 2.285e+01 2.301e+01 2.320e+01 2.338e+01 2.354e+01 2.369e+01 2.375e+01 2.390e+01 2.400e+01 2.408e+01 2.419e+01 2.428e+01 2.425e+01 2.426e+01 2.433e+01 2.430e+01 2.438e+01 2.447e+01 2.452e+01 2.455e+01 2.442e+01 2.394e+01 
1.731e+01 1.726e+01 1.722e+01 1.717e+01 1.717e+01 1.715e+01 1.728e+01 1.741e+01 1.739e+01 1.733e+01 1.732e+01 1.730e+01 1.715e+01 1.712e+01 1.710e+01 1.702e+01 1.701e+01 1.697e+01 1.698e+01 1.677e+01 1.665e+01 1.663e+01 1.662e+01 1.660e+01 1.660e+01 1.657e+01 1.648e+01 1.643e+01 1.641e+01 1.637e+01 1.635e+01 1.624e+01 1.622e+01 1.621e+01 1.619e+01 1.608e+01 1.604e+01 1.603e+01 1.601e+01 1.598e+01 1.597e+01 1.591e+01 1.590e+01 1.592e+01 1.586e+01 1.584e+01 1.581e+01 1.579e+01 1.577e+01 1.572e+01 1.568e+01 1.564e+01 1.556e+01 1.541e+01 1.543e+01 1.532e+01 1.525e+01 1.518e+01 1.510e+01 1.508e+01 1.501e+01 1.491e+01 1.482e+01 1.484e+01 1.477e+01 1.467e+01 1.468e+01 1.435e+01 1.412e+01 1.398e+01 1.395e+01 1.424e+01 1.428e+01 1.424e+01 1.431e+01 1.437e+01 1.447e+01 1.450e+01 1.454e+01 1.455e+01 1.457e+01 1.457e+01 1.459e+01 1.466e+01 1.463e+01 1.470e+01 1.474e+01 1.477e+01 1.480e+01 1.484e+01 1.487e+01 1.489e+01 1.493e+01 1.498e+01 1.502e+01 1.497e+01 1.499e+01 1.500e+01 1.503e+01 1.505e+01 1.504e+01 1.510e+01 1.506e+01 1.504e+01 1.504e+01 1.506e+01 1.507e+01 1.508e+01 1.507e+01 1.510e+01 1.508e+01 1.524e+01 1.524e+01 1.527e+01 1.526e+01 1.526e+01 1.530e+01 1.394e+01 
1.931e-01 1.931e-01 1.808e-01 1.694e-01 1.847e-01 1.883e-01 1.669e-01 1.773e-01 1.925e-01 1.968e-01 1.983e-01 1.993e-01 2.260e-01 2.211e-01 2.242e-01 2.342e-01 2.387e-01 2.534e-01 2.675e-01 2.701e-01 2.692e-01 2.781e-01 2.772e-01 2.867e-01 2.827e-01 2.847e-01 2.903e-01 2.987e-01 2.968e-01 3.010e-01 3.161e-01 3.253e-01 3.366e-01 3.290e-01 3.434e-01 3.459e-01 3.523e-01 3.544e-01 3.620e-01 3.798e-01 3.896e-01 3.922e-01 4.101e-01 4.358e-01 4.421e-01 4.512e-01 4.800e-01 4.959e-01 5.147e-01 5.347e-01 5.663e-01 5.849e-01 6.051e-01 6.213e-01 6.498e-01 6.813e-01 7.060e-01 7.430e-01 7.837e-01 8.314e-01 8.680e-01 9.216e-01 9.400e-01 9.630e-01 9.719e-01 9.617e-01 9.279e-01 8.810e-01 8.402e-01 7.963e-01 7.518e-01 7.165e-01 7.251e-01 7.362e-01 7.501e-01 7.591e-01 7.662e-01 7.679e-01 7.662e-01 7.565e-01 7.433e-01 7.277e-01 7.072e-01 6.840e-01 6.560e-01 6.231e-01 5.901e-01 5.497e-01 5.120e-01 4.710e-01 4.315e-01 3.920e-01 3.514e-01 3.159e-01 2.834e-01 2.623e-01 2.400e-01 2.242e-01 2.094e-01 1.974e-01 1.890e-01 1.792e-01 1.746e-01 1.688e-01 1.592e-01 1.477e-01 1.365e-01 1.266e-01 1.186e-01 1.102e-01 1.051e-01 9.991e-02 9.167e-02 8.250e-02 7.249e-02 5.969e-02 5.002e-02 4.035e-02 
-4.529e-02 -4.529e-02 -4.321e-02 -4.267e-02 -3.446e-02 -3.150e-02 -2.654e-02 -2.242e-02 -2.163e-02 -3.458e-02 -3.044e-02 -2.694e-02 -2.737e-02 -2.783e-02 -2.492e-02 -2.318e-02 -2.306e-02 -2.534e-02 -1.823e-02 -2.586e-02 -3.010e-02 -2.960e-02 -2.561e-02 -2.820e-02 -2.290e-02 -2.211e-02 -2.240e-02 -2.374e-02 -2.670e-02 -3.193e-02 -2.834e-02 -2.100e-02 -1.705e-02 -2.045e-02 -1.704e-02 -2.145e-02 -2.600e-02 -2.210e-02 -2.166e-02 -2.123e-02 -2.099e-02 -1.841e-02 -2.092e-02 -2.033e-02 -1.834e-02 -1.985e-02 -2.054e-02 -1.960e-02 -2.169e-02 -2.604e-02 -2.899e-02 -2.881e-02 -4.150e-02 -5.627e-02 -5.407e-02 -5.789e-02 -6.485e-02 -6.404e-02 -6.272e-02 -6.895e-02 -7.675e-02 -8.631e-02 -9.326e-02 -9.009e-02 -9.163e-02 -9.997e-02 -1.049e-01 -9.636e-02 -9.236e-02 -5.059e-03 1.813e-02 -2.067e-02 -2.252e-02 1.687e-03 3.131e-02 3.615e-02 5.083e-02 6.085e-02 5.727e-02 4.679e-02 3.313e-02 2.531e-02 2.295e-02 2.441e-02 2.757e-02 3.359e-02 3.606e-02 3.560e-02 3.285e-02 3.298e-02 2.891e-02 2.683e-02 2.547e-02 2.462e-02 2.208e-02 2.307e-02 2.243e-02 2.222e-02 2.285e-02 2.231e-02 2.076e-02 2.010e-02 1.838e-02 1.607e-02 1.335e-02 1.347e-02 1.075e-02 9.197e-03 7.452e-03 1.015e-02 7.657e-03 8.608e-03 6.210e-03 4.212e-03 3.428e-04 -1.823e-03 -3.288e-03 -3.517e-03 
0
-20.5589 -20.3392 -20.2008 -20.0495 -19.8158 -19.623 -19.4717 -19.3543 -19.1335 -18.9172 -18.6882 -18.5244 -19.72 -19.47 -19.19 -18.96 -18.69 -18.37 -18.1319 -18 -18.3296 -18.0444 -19.0382 -18.6498 -18.4169 -18.0459 -18.0477 -17.7735 -17.4338 -17.2591 -16.8997 -17.07 -16.68 -16.46 -16.1 -15.7417 -15.4132 -15.0733 -14.7214 -14.3037 -13.9135 -13.4954 -13.1431 -12.6664 -12.9866 -12.5276 -12.0086 -11.4686 -10.922 -10.3854 -9.82017 -9.2552 -8.65627 -7.98548 -7.31519 -6.60974 -5.90119 -5.08067 -4.23857 -3.39683 -2.58151 -1.75698 -1.113 -1.24237 -0.350747 0.564141 1.47587 2.18663 2.81806 3.66778 4.50041 5.28707 6.13405 6.91981 7.72997 8.50338 9.24871 9.99501 10.718 11.4336 12.1609 12.9182 13.598 14.3076 14.9655 15.575 16.1642 16.6734 17.1763 17.6376 18.0462 18.3994 18.6153 19.1073 19.7575 20.0086 20.2554 20.4913 20.724 20.945 21.1289 21.3191 21.4919 21.658 21.8072 21.9695 22.0789 22.189 22.2995 22.4479 22.5146 22.5741 22.5743 22.6087 22.5022 22.4342 22.4617 23.94 
17.2617 17.21 17.1992 17.1633 17.1181 17.0925 17.0509 17.0177 16.9712 16.9755 16.9364 16.9098 16.92 16.92 16.9 16.86 16.84 16.83 16.7926 15.74 15.7849 15.775 15.8273 15.7939 15.7869 15.7441 15.7619 15.6827 15.6319 15.677 15.5953 15.1 15.18 15.09 15.09 15.0221 14.967 14.9376 14.9159 14.8534 14.8543 14.7956 14.809 14.7638 14.7186 14.7189 14.6564 14.6106 14.5687 14.5384 14.5183 14.4279 14.3894 14.35 14.2649 14.0857 13.9594 13.8565 13.7833 13.7087 13.581 13.1694 13.03 12.977 12.8669 12.7597 12.6793 12.4521 12.1947 11.7811 11.6835 11.842 11.9535 11.9525 11.8831 11.924 11.9283 11.9078 11.973 12.0614 12.1525 12.2202 12.2873 12.3254 12.1853 12.1952 12.2363 12.2698 12.3545 12.3837 12.4197 12.4239 12.4816 12.4881 12.5424 12.5403 12.5435 12.5693 12.5683 12.5996 12.6608 12.6754 12.7118 12.7856 12.843 12.8545 12.8963 12.9266 12.9439 12.8534 12.911 13.2079 13.2543 13.3034 13.3902 13.457 13.5238 13.94 
0.532924 0.481961 0.55604 0.545989 0.534881 0.560714 1.4612 1.50742 1.48347 1.4852 1.47971 1.48109 3.40904 3.40063 3.32728 4.37447 4.3433 4.37618 4.42269 4.44735 4.88249 4.89531 6.22858 6.02323 5.99358 5.90329 6.18772 6.19774 6.1426 6.23382 6.22889 6.77842 6.76061 6.83621 6.82656 6.79574 6.80991 6.79607 6.74997 6.79372 6.77438 6.73284 6.77995 6.80261 7.60281 7.57811 7.53103 7.51024 7.50592 6.92118 6.94461 6.87106 6.9491 6.7132 6.74446 6.82185 6.88016 6.92906 6.99678 7.10572 7.26125 7.44669 7.84321 8.86924 9.0213 6.95658 5.69556 5.15138 5.40014 9.24883 9.16652 9.02527 8.92709 8.93415 8.94236 8.94534 9.01449 9.01946 9.0123 8.92768 8.77736 8.59862 8.46148 8.44278 8.15905 8.03342 7.86382 7.73374 7.56485 7.41688 7.26189 7.14235 7.12847 6.84055 6.3023 5.71024 5.58198 5.39276 5.23935 5.08369 4.90761 4.74132 4.49883 4.20568 4.06676 3.96777 3.88637 3.75379 3.65175 3.44741 3.37546 3.36847 3.37117 3.33278 3.38609 3.41314 3.27617 -6.66078e-07 
0.21399 0.215668 0.17556 0.161543 0.195197 0.200254 0.818748 0.904975 0.937137 0.877357 0.896505 0.926419 1.03765 0.993743 0.938758 0.972354 0.949819 0.921408 0.933982 1.95242 1.96892 1.94884 1.94787 1.9757 1.93055 1.89929 1.91698 1.97967 2.05731 2.03255 2.04063 2.45024 2.28994 2.4026 2.33987 2.44117 2.50152 2.48473 2.46257 2.49746 2.47076 2.47599 2.49036 2.48411 2.52981 2.52197 2.55831 2.55769 2.61664 2.64153 2.65984 2.71209 2.91296 3.02996 3.04783 3.20264 3.31396 3.34595 3.34467 3.36444 3.47143 4.11963 4.22712 4.41155 4.36326 4.38837 4.29569 4.36941 4.46527 4.38251 4.27872 4.26562 4.31872 4.1133 4.05772 4.10915 4.09295 4.09332 4.05904 4.01377 3.97216 3.95787 3.9091 3.89651 4.03221 4.1592 4.11177 4.08404 4.01478 3.99314 3.96892 3.98335 3.9199 3.925 3.91344 3.9042 3.90846 3.88762 3.87287 3.83867 3.78508 3.79133 3.79221 3.73023 3.7048 3.70611 3.69082 3.66858 3.67527 3.74733 3.71424 3.39738 3.38154 3.36838 3.34129 3.31952 3.30212 2.14957e-07 
-0.23032 -0.23032 -0.234593 -0.246728 -0.184475 -0.165708 -0.157717 -0.125777 -0.111893 -0.173939 -0.152347 -0.134388 -0.120506 -0.125243 -0.110712 -0.0986191 -0.0963143 -0.0996631 -0.068046 -0.095429 -0.111344 -0.106021 -0.0921478 -0.0980352 -0.0808097 -0.0774892 -0.0770035 -0.0793122 -0.0897114 -0.10567 -0.0894067 -0.0644665 -0.0506115 -0.0620807 -0.0495699 -0.0619511 -0.0736741 -0.0622947 -0.0597465 -0.0558453 -0.0538169 -0.0469106 -0.0509675 -0.0466237 -0.0414567 -0.0439731 -0.0427655 -0.0395062 -0.0421222 -0.0486573 -0.051138 -0.0492231 -0.0684732 -0.0903225 -0.0830175 -0.0847673 -0.0915947 -0.0859768 -0.079868 -0.0827458 -0.0881976 -0.0933745 -0.098887 -0.0932808 -0.0939962 -0.103578 -0.112584 -0.108949 -0.109487 -0.00635261 0.0241099 -0.0288489 -0.0310508 0.00229106 0.0417139 0.0475844 0.0662446 0.0790684 0.0746144 0.0617755 0.0445385 0.0347677 0.0324389 0.0356699 0.0420095 0.0538631 0.0610289 0.0646603 0.0640745 0.0698984 0.0669001 0.0683373 0.0723656 0.0777759 0.0777512 0.0877108 0.0931647 0.0987703 0.108688 0.11256 0.109415 0.111653 0.104877 0.0949311 0.0836752 0.0909292 0.0785972 0.0725482 0.0627444 0.0918653 0.0727453 0.0859386 0.0676382 0.0510049 0.00472804 -0.0305233 -0.0656301 -0.0869426 
%
