# OpenCV traffic intelligence Sun Nov 15 18:03:09 2009
# Miss/0208030956.avi ./Miss-prototypes.txt ./Miss 14.985 0 1.5 3 0 153 1000 0.05 3 5 5 3 0.01 1 3 0.6 0 20 5 5 20 0.3 20 4 0.5 1.6 6 0.5 0.02 3 0 -1 1.5 3.5 4 1.6 10 30 static 30 5 0.7 2.5 0.05 30 0.005 1 15 5 -2 0.1 0.05 8 100 2.5 0.5 1 0 0.7 
-1 31 70 5 1.000e+00 9 25 26 20 14 24 32 23 10 11 13 5 12 19 29 28 27 16 1 17 15 8 2 0 21 
-1.779e+00 -1.795e+00 -2.300e+00 -2.041e+00 -7.902e-01 5.205e-02 7.708e-01 9.950e-01 1.796e+00 2.531e+00 3.135e+00 4.087e+00 4.878e+00 5.688e+00 6.617e+00 7.518e+00 8.484e+00 9.450e+00 1.041e+01 1.139e+01 1.232e+01 1.351e+01 1.424e+01 1.522e+01 1.618e+01 1.714e+01 1.800e+01 1.892e+01 1.976e+01 2.067e+01 2.146e+01 2.229e+01 2.291e+01 2.370e+01 2.420e+01 2.480e+01 2.504e+01 2.514e+01 2.466e+01 2.510e+01 
8.062e+00 7.556e+00 7.162e+00 7.119e+00 6.916e+00 6.886e+00 6.811e+00 6.503e+00 6.528e+00 6.495e+00 6.391e+00 6.355e+00 6.171e+00 6.028e+00 5.988e+00 5.925e+00 5.914e+00 5.852e+00 5.831e+00 5.817e+00 5.839e+00 5.815e+00 5.453e+00 5.491e+00 5.496e+00 5.504e+00 5.607e+00 5.617e+00 5.639e+00 5.735e+00 5.895e+00 6.018e+00 6.078e+00 6.039e+00 6.150e+00 6.267e+00 6.245e+00 6.341e+00 7.165e+00 7.796e+00 
-6.665e-03 -1.806e-03 1.477e-01 3.454e-01 4.658e-01 5.202e-01 5.867e-01 7.039e-01 7.378e-01 7.643e-01 7.908e-01 8.139e-01 8.363e-01 8.748e-01 8.912e-01 9.147e-01 9.346e-01 9.503e-01 9.571e-01 9.666e-01 9.603e-01 1.005e+00 1.020e+00 1.022e+00 1.012e+00 1.012e+00 9.600e-01 9.611e-01 9.309e-01 9.201e-01 8.827e-01 8.586e-01 8.335e-01 8.258e-01 7.825e-01 7.494e-01 7.239e-01 7.501e-01 7.566e-01 6.782e-01 
2.711e-03 2.142e-03 8.598e-03 -2.761e-03 -1.416e-02 -1.240e-02 -3.048e-02 -5.266e-02 -6.193e-02 -6.617e-02 -8.190e-02 -8.768e-02 -9.340e-02 -8.951e-02 -7.960e-02 -6.985e-02 -5.463e-02 -4.984e-02 -3.744e-02 -3.163e-02 -1.717e-02 -1.999e-02 -2.036e-02 -5.036e-03 4.652e-03 6.615e-03 3.839e-02 3.283e-02 2.976e-02 4.416e-02 6.686e-02 8.227e-02 1.113e-01 1.502e-01 1.587e-01 1.695e-01 1.751e-01 1.861e-01 1.355e-01 2.335e-01 
0
1.501 1.78785 -5.29 -4.717 -4.017 -3.41 -2.777 -2.37221 -1.72047 -1.04269 -1.19785 -0.419244 0.349212 1.24614 2.16111 3.1141 4.07762 4.99518 5.99671 6.93401 7.96684 9.54066 10.5285 11.4207 12.2604 13.2971 14.4389 15.393 16.3338 17.3414 18.3108 19.2934 20.1985 21.2226 22.0826 22.8963 23.663 24.3878 24.66 25.1 
8.201 7.87251 5.565 5.541 5.496 5.48 5.424 4.63998 4.61255 4.57425 4.63166 4.55084 4.46845 4.29299 4.15668 4.2272 4.12353 4.00966 4.05322 4.05044 3.9502 3.72898 3.83156 3.8388 3.85484 3.88447 3.88418 3.96971 3.99142 4.11524 4.1916 4.30565 4.47266 4.60377 4.79128 4.96436 5.19126 5.42126 7.165 7.796 
5.80143 4.76372 7.03594 6.50838 6.46004 6.78418 6.89338 7.23268 7.35118 7.46102 8.41445 8.56171 8.68295 8.80775 8.91208 9.18212 9.09649 9.24672 9.3205 9.15812 8.81063 7.78579 7.59306 7.7027 7.66461 7.57531 7.45795 7.23411 7.04966 6.75403 6.49622 6.24009 4.50334 4.19587 3.43966 3.0942 2.3512 1.50117 -1.8152e-07 -2.4768e-07 
2.3467 5.48183 3.16197 3.18589 3.17814 3.10078 3.16627 4.11786 4.20847 4.29757 4.39239 4.47513 4.53338 4.6186 4.68651 4.33956 4.65115 5.07772 5.19945 5.41846 5.66761 5.91265 3.50666 3.3862 3.25095 3.39809 3.64247 3.60168 3.43906 3.28776 3.62057 3.57936 3.08913 1.91414 1.87512 1.84102 1.75697 1.69357 -8.46772e-09 -2.87568e-08 
2.75525 2.27126 0.0581505 -0.00799243 -0.0303929 -0.0238395 -0.0519075 -0.0746822 -0.0837501 -0.0863579 -0.103198 -0.107317 -0.111229 -0.101961 -0.0890902 -0.0762173 -0.058381 -0.0524043 -0.0391008 -0.0327054 -0.0178832 -0.0198813 -0.0199568 -0.0049282 0.00459781 0.00653659 0.0399692 0.0341448 0.0319617 0.0479574 0.0756008 0.0955265 0.132803 0.179949 0.200051 0.222498 0.237268 0.243182 0.177212 0.331582 
%
-1 33 83 5 1.000e+00 47 48 42 39 40 37 36 44 43 35 
-1.575e+01 -1.563e+01 -1.601e+01 -1.591e+01 -1.580e+01 -1.562e+01 -1.550e+01 -1.611e+01 -1.599e+01 -1.579e+01 -1.568e+01 -1.553e+01 -1.538e+01 -1.506e+01 -1.492e+01 -1.475e+01 -1.459e+01 -1.442e+01 -1.425e+01 -1.418e+01 -1.399e+01 -1.386e+01 -1.366e+01 -1.350e+01 -1.337e+01 -1.302e+01 -1.282e+01 -1.260e+01 -1.236e+01 -1.216e+01 -1.200e+01 -1.179e+01 -1.157e+01 -1.138e+01 -1.117e+01 -1.099e+01 -1.076e+01 -1.056e+01 -1.037e+01 -1.018e+01 -9.984e+00 -9.796e+00 -9.618e+00 -9.387e+00 -9.215e+00 -9.088e+00 -8.375e+00 -7.643e+00 -7.543e+00 -7.360e+00 -7.261e+00 
9.445e+00 9.521e+00 9.890e+00 9.936e+00 9.979e+00 1.009e+01 1.014e+01 9.565e+00 9.637e+00 9.703e+00 9.752e+00 9.841e+00 9.902e+00 9.863e+00 9.935e+00 1.003e+01 1.012e+01 1.016e+01 1.027e+01 1.006e+01 1.014e+01 1.020e+01 1.028e+01 1.034e+01 1.033e+01 1.063e+01 1.072e+01 1.075e+01 1.092e+01 1.099e+01 1.103e+01 1.108e+01 1.114e+01 1.114e+01 1.121e+01 1.121e+01 1.125e+01 1.130e+01 1.131e+01 1.133e+01 1.137e+01 1.139e+01 1.142e+01 1.146e+01 1.149e+01 1.151e+01 1.281e+01 1.298e+01 1.298e+01 1.301e+01 1.300e+01 
1.229e-01 1.229e-01 9.072e-02 9.402e-02 1.050e-01 1.265e-01 1.248e-01 1.127e-01 1.179e-01 1.490e-01 1.343e-01 1.402e-01 1.478e-01 1.469e-01 1.410e-01 1.576e-01 1.609e-01 1.661e-01 1.627e-01 1.643e-01 1.699e-01 1.637e-01 1.739e-01 1.719e-01 1.714e-01 1.650e-01 1.808e-01 1.861e-01 1.836e-01 1.823e-01 1.871e-01 1.890e-01 1.913e-01 1.959e-01 1.992e-01 2.018e-01 2.058e-01 2.010e-01 2.022e-01 1.969e-01 2.011e-01 1.926e-01 1.886e-01 1.965e-01 1.938e-01 1.792e-01 1.929e-01 1.556e-01 1.331e-01 1.371e-01 1.229e-01 
7.638e-02 7.638e-02 4.546e-02 4.557e-02 4.681e-02 6.554e-02 6.239e-02 5.417e-02 5.929e-02 6.572e-02 5.601e-02 6.433e-02 6.732e-02 6.297e-02 6.558e-02 7.950e-02 8.100e-02 7.714e-02 8.187e-02 7.642e-02 7.447e-02 7.253e-02 7.957e-02 7.185e-02 6.614e-02 6.534e-02 7.079e-02 6.111e-02 6.051e-02 6.295e-02 5.922e-02 5.324e-02 5.735e-02 4.446e-02 4.355e-02 3.739e-02 3.460e-02 3.166e-02 3.364e-02 2.528e-02 3.254e-02 2.743e-02 2.593e-02 3.008e-02 3.147e-02 2.753e-02 2.137e-02 1.789e-02 1.495e-02 1.672e-02 5.552e-03 
0
-15.75 -15.63 -16.573 -16.5248 -16.4275 -16.1348 -16.0766 -17.96 -17.9 -17.79 -17.68 -17.56 -17.45 -17.1754 -16.9764 -16.7498 -16.6185 -16.5087 -16.2508 -15.8856 -15.6871 -15.4848 -15.3698 -15.1887 -15.0231 -14.9238 -14.7215 -14.6104 -14.497 -14.2961 -14.1855 -14.0042 -13.8316 -13.6975 -13.5039 -13.3647 -13.1543 -12.9923 -12.7837 -12.6634 -12.4068 -12.2269 -12.0688 -11.8286 -11.6314 -11.5583 -9.3267 -7.892 -7.77 -7.562 -7.487 
9.445 9.521 9.04531 9.08313 9.15905 9.23888 9.26696 7.978 7.979 7.978 8.004 8.042 8.091 8.02303 8.00193 8.00513 8.07082 8.15163 8.19926 7.86919 7.97519 8.0779 8.1439 8.26444 8.27493 8.32928 8.46041 8.5272 8.58896 8.7137 8.7416 8.82476 8.86074 8.90309 8.95414 9.0037 9.04189 9.09702 9.11199 9.14532 9.18921 9.17898 9.22151 9.24679 9.25675 9.26282 12.3512 12.52 12.53 12.57 12.55 
-4.44434e-07 -1.78655e-07 1.46796 1.49486 1.45408 1.38163 1.44267 3.77837 3.86723 3.93892 3.97944 4.02314 4.08919 4.11245 4.12731 4.1904 4.19511 4.28478 4.26919 4.29618 4.27342 4.23997 4.42383 4.31537 4.3837 4.96612 4.91698 4.86822 4.94373 4.95695 4.93397 4.82978 4.97273 4.80208 4.78408 4.65435 4.64237 4.61737 4.66227 4.68467 4.67781 4.63725 4.69848 4.73558 4.74752 4.79574 1.97724 0.598714 0.551432 0.507807 0.491173 
-6.35697e-07 3.69694e-07 0.869124 0.872192 0.885691 0.873337 0.903403 1.28128 1.25775 1.50852 1.63187 1.52441 1.54117 1.80273 1.79486 1.79748 1.80015 1.89471 1.86471 2.43947 2.51174 2.50036 2.44879 2.52499 2.68994 2.65924 2.6294 2.79414 2.76755 2.66828 2.77928 2.89412 2.82022 3.14188 3.18772 3.3038 3.42092 3.45672 3.41441 3.59708 3.43487 3.56667 3.56829 3.49127 3.46527 3.53483 0.876359 0.84714 0.833695 0.83465 0.878721 
0.556065 0.556065 0.464544 0.451335 0.419293 0.478132 0.463455 0.44818 0.465914 0.415342 0.395145 0.430215 0.427413 0.405008 0.435458 0.467177 0.466495 0.434758 0.466135 0.435372 0.413072 0.417187 0.429125 0.395869 0.368294 0.377094 0.373284 0.317257 0.318429 0.332546 0.306488 0.274574 0.291222 0.223204 0.215217 0.183168 0.166601 0.156212 0.164873 0.127685 0.160397 0.14149 0.136671 0.151898 0.16098 0.152469 0.110346 0.114508 0.111774 0.121391 0.0451626 
%
-1 41 103 5 1.000e+00 55 57 58 49 46 
-1.832e+01 -1.817e+01 -1.802e+01 -1.778e+01 -1.765e+01 -1.743e+01 -1.723e+01 -1.704e+01 -1.692e+01 -1.681e+01 -1.665e+01 -1.653e+01 -1.641e+01 -1.731e+01 -1.717e+01 -1.710e+01 -1.701e+01 -1.692e+01 -1.682e+01 -1.674e+01 -1.664e+01 -1.664e+01 -1.659e+01 -1.649e+01 -1.635e+01 -1.625e+01 -1.602e+01 -1.586e+01 -1.571e+01 -1.554e+01 -1.543e+01 -1.528e+01 -1.551e+01 -1.540e+01 -1.526e+01 -1.511e+01 -1.501e+01 -1.484e+01 -1.472e+01 -1.456e+01 -1.443e+01 -1.431e+01 -1.421e+01 -1.414e+01 -1.401e+01 -1.385e+01 -1.369e+01 -1.356e+01 -1.369e+01 -1.354e+01 -1.339e+01 -1.331e+01 -1.323e+01 -1.310e+01 -1.292e+01 -1.282e+01 -1.272e+01 -1.264e+01 -1.250e+01 -1.235e+01 -1.292e+01 -1.285e+01 -1.234e+01 
8.815e+00 8.860e+00 8.939e+00 9.094e+00 9.160e+00 9.291e+00 9.424e+00 9.549e+00 9.652e+00 9.721e+00 9.863e+00 9.912e+00 9.992e+00 9.131e+00 9.180e+00 9.189e+00 9.225e+00 9.273e+00 9.283e+00 9.302e+00 9.351e+00 9.258e+00 9.281e+00 9.315e+00 9.371e+00 9.399e+00 9.163e+00 9.217e+00 9.321e+00 9.402e+00 9.465e+00 9.484e+00 9.485e+00 9.504e+00 9.574e+00 9.619e+00 9.670e+00 9.747e+00 9.805e+00 9.859e+00 9.907e+00 9.940e+00 9.973e+00 9.736e+00 9.781e+00 9.804e+00 9.842e+00 9.920e+00 9.647e+00 9.680e+00 9.737e+00 9.755e+00 9.774e+00 9.813e+00 9.871e+00 9.881e+00 9.897e+00 9.872e+00 9.922e+00 9.960e+00 1.008e+01 1.006e+01 9.769e+00 
1.470e-01 1.470e-01 1.482e-01 1.797e-01 1.679e-01 1.772e-01 1.877e-01 1.961e-01 1.716e-01 1.663e-01 1.561e-01 1.401e-01 1.262e-01 9.773e-02 1.072e-01 9.366e-02 9.280e-02 9.400e-02 9.850e-02 8.636e-02 9.366e-02 7.436e-02 6.975e-02 8.542e-02 1.041e-01 1.004e-01 1.183e-01 1.350e-01 1.437e-01 1.468e-01 1.429e-01 1.477e-01 1.267e-01 1.236e-01 1.278e-01 1.376e-01 1.283e-01 1.335e-01 1.364e-01 1.377e-01 1.358e-01 1.392e-01 1.270e-01 1.483e-01 1.416e-01 1.468e-01 1.501e-01 1.551e-01 1.410e-01 1.419e-01 1.375e-01 1.276e-01 1.127e-01 1.179e-01 1.253e-01 1.154e-01 1.170e-01 1.186e-01 1.192e-01 1.145e-01 1.072e-01 1.034e-01 9.437e-02 
4.519e-02 4.519e-02 6.200e-02 9.309e-02 8.625e-02 9.527e-02 1.129e-01 1.221e-01 1.116e-01 1.122e-01 1.144e-01 9.754e-02 8.856e-02 3.508e-02 3.890e-02 3.257e-02 3.310e-02 3.479e-02 3.016e-02 2.459e-02 3.227e-02 2.381e-02 2.144e-02 3.079e-02 4.127e-02 3.556e-02 4.418e-02 4.882e-02 6.853e-02 6.983e-02 7.378e-02 6.388e-02 5.683e-02 4.431e-02 5.205e-02 4.853e-02 5.319e-02 5.242e-02 6.025e-02 5.655e-02 5.735e-02 5.435e-02 4.551e-02 5.590e-02 5.319e-02 4.878e-02 4.967e-02 5.865e-02 3.713e-02 3.379e-02 3.900e-02 3.815e-02 2.528e-02 3.281e-02 3.802e-02 2.904e-02 2.855e-02 1.968e-02 2.233e-02 1.776e-02 2.048e-02 1.278e-02 1.604e-02 
0
-18.32 -18.17 -18.02 -17.78 -17.65 -17.43 -17.23 -17.04 -16.92 -16.81 -16.65 -16.53 -16.41 -18.31 -18.23 -18.18 -18.14 -18.12 -18.08 -18.05 -17.99 -17.91 -17.88 -17.79 -17.65 -17.55 -17.2371 -17.0928 -16.7369 -16.4902 -16.3069 -16.2462 -16.4508 -16.536 -16.2713 -16.2142 -16.0224 -15.8488 -15.5576 -15.4196 -15.3177 -15.1887 -15.0829 -14.926 -14.8005 -14.6834 -14.6029 -14.4649 -14.5748 -14.4437 -14.2341 -14.0795 -14.1113 -13.8629 -13.68 -13.6717 -13.5597 -13.5681 -13.4336 -13.3847 -13.2605 -13.2235 -12.34 
8.815 8.86 8.939 9.094 9.16 9.291 9.424 9.549 9.652 9.721 9.863 9.912 9.992 8.201 8.189 8.208 8.19 8.176 8.167 8.144 8.141 8.137 8.154 8.142 8.187 8.199 7.68846 7.75408 7.78937 7.89357 7.93944 8.00386 7.88953 7.98297 7.94934 8.06613 8.0201 8.14841 8.21591 8.31 8.34011 8.43265 8.48592 8.54319 8.57991 8.66988 8.66299 8.67636 8.82761 8.8998 8.89048 8.91111 9.06084 9.00834 9.04088 9.14441 9.17256 9.29431 9.30521 9.39349 9.6402 9.66 9.769 
-3.49936e-07 -4.44902e-08 -3.03493e-07 1.00918e-07 3.09227e-07 6.00763e-08 -2.56428e-07 -4.12525e-08 3.5109e-07 3.57697e-07 6.4052e-09 5.64857e-08 -1.90848e-07 2.50101 2.65927 2.67517 2.82408 3.0217 3.06336 3.14452 3.35024 3.35412 3.40012 3.48272 3.42679 3.33978 3.38664 3.25753 3.16104 2.96776 2.88751 2.74835 3.0823 3.07243 3.01025 2.90796 2.91679 2.71206 2.5665 2.45015 2.51807 2.36578 2.23395 2.15791 2.14884 2.07954 2.22175 2.25935 2.19717 2.19335 2.20787 2.12877 2.19446 2.05821 2.12142 2.1982 2.1819 2.22817 2.25212 2.40309 0.835392 0.839836 2.40612e-07 
6.24932e-08 -3.28091e-07 -2.35122e-07 -1.00348e-07 -3.14041e-07 -2.06641e-07 -1.94279e-07 -5.90203e-07 -8.86406e-07 -1.95833e-07 -7.50853e-07 7.37501e-07 6.64891e-07 1.07746 1.14225 1.14691 1.19042 1.22109 1.39733 1.5126 1.40411 1.52266 1.56629 1.4637 1.34476 1.49123 2.04635 2.06127 1.85023 1.86224 1.80752 1.95589 1.98257 2.09306 2.1109 2.1597 2.14656 2.14893 2.12861 2.15043 2.13881 2.1868 2.25237 1.40082 1.42077 1.35312 1.38948 1.39914 1.1989 1.19265 1.26763 1.29309 1.1367 1.25768 1.27404 1.14008 1.13996 0.989023 1.01211 0.947719 0.743 0.705327 1.07279e-07 
0.298246 0.298246 0.396228 0.477967 0.474546 0.493305 0.541516 0.556902 0.576621 0.593533 0.632443 0.608182 0.611895 0.344595 0.348172 0.33469 0.342624 0.354474 0.297138 0.27743 0.331854 0.309896 0.298156 0.345973 0.377433 0.340512 0.357288 0.34687 0.444953 0.443966 0.476479 0.408182 0.42168 0.344183 0.386881 0.339029 0.392982 0.374215 0.415928 0.38967 0.399554 0.372152 0.344186 0.360428 0.359212 0.320724 0.319506 0.361658 0.25743 0.233825 0.2764 0.29057 0.22059 0.271346 0.294676 0.246596 0.239432 0.16441 0.185236 0.153955 0.188811 0.122955 0.16836 
%
-1 87 124 5 1.000e+00 71 89 78 80 
-1.394e+01 -1.369e+01 -1.353e+01 -1.332e+01 -1.402e+01 -1.390e+01 -1.406e+01 -1.402e+01 -1.389e+01 -1.370e+01 -1.355e+01 -1.339e+01 -1.317e+01 -1.300e+01 -1.283e+01 -1.266e+01 -1.254e+01 -1.241e+01 -1.227e+01 -1.208e+01 -1.193e+01 -1.176e+01 -1.162e+01 -1.140e+01 -1.170e+01 -1.160e+01 -1.139e+01 -1.125e+01 -1.109e+01 -1.118e+01 -1.102e+01 -1.086e+01 -1.048e+01 -1.037e+01 -1.028e+01 -1.020e+01 -1.012e+01 -9.986e+00 
7.684e+00 7.850e+00 7.845e+00 7.908e+00 7.321e+00 7.361e+00 7.476e+00 7.166e+00 7.205e+00 7.272e+00 7.279e+00 7.309e+00 7.357e+00 7.398e+00 7.464e+00 7.530e+00 7.560e+00 7.601e+00 7.664e+00 7.747e+00 7.782e+00 7.774e+00 7.715e+00 7.718e+00 7.383e+00 7.384e+00 7.392e+00 7.388e+00 7.394e+00 7.721e+00 7.722e+00 7.775e+00 7.205e+00 7.212e+00 7.226e+00 7.226e+00 7.171e+00 7.195e+00 
2.562e-01 2.562e-01 2.054e-01 2.084e-01 1.414e-01 1.388e-01 1.414e-01 1.247e-01 1.292e-01 1.474e-01 1.513e-01 1.550e-01 1.712e-01 1.777e-01 1.727e-01 1.781e-01 1.698e-01 1.511e-01 1.463e-01 1.496e-01 1.449e-01 1.549e-01 1.589e-01 1.728e-01 1.873e-01 1.778e-01 1.776e-01 1.749e-01 1.634e-01 1.376e-01 1.478e-01 1.380e-01 1.460e-01 1.331e-01 1.353e-01 1.186e-01 1.063e-01 9.862e-02 
1.654e-01 1.654e-01 8.012e-02 7.446e-02 3.975e-02 3.993e-02 3.130e-02 2.179e-02 2.711e-02 3.850e-02 3.246e-02 3.201e-02 3.812e-02 3.865e-02 3.841e-02 5.003e-02 5.022e-02 4.873e-02 5.324e-02 5.658e-02 5.051e-02 4.264e-02 2.297e-02 1.076e-02 -9.273e-04 -8.100e-03 -5.507e-03 5.519e-03 6.307e-03 1.049e-02 9.000e-03 1.502e-02 1.830e-02 2.318e-02 2.231e-02 1.985e-02 3.458e-03 -1.927e-03 
0
-13.94 -13.69 -13.53 -13.32 -14.97 -14.9 -14.78 -14.6014 -14.4368 -14.1319 -14.0725 -13.9451 -13.6626 -13.5279 -13.3826 -13.1525 -13.0221 -12.9132 -12.8017 -12.6239 -12.4616 -12.2475 -12.1546 -12.1446 -12.0968 -12.0427 -11.8153 -11.5198 -11.4082 -11.3155 -11.186 -10.9315 -10.48 -10.37 -10.28 -10.2 -10.12 -9.986 
7.684 7.85 7.845 7.908 6.622 6.618 6.662 6.14007 6.14469 6.21768 6.20756 6.25091 6.3027 6.34482 6.42126 6.50736 6.51801 6.5695 6.64966 6.73425 6.76972 6.78611 6.74108 6.77961 6.8156 6.83066 6.79849 6.72265 6.7296 7.08714 7.10289 7.12337 7.205 7.212 7.226 7.226 7.171 7.195 
5.25565e-08 8.6151e-08 3.46044e-07 4.09213e-07 2.19758 2.34242 2.35157 2.40342 2.47133 2.40464 2.48838 2.55783 2.53029 2.56504 2.57406 2.63558 2.62646 2.66401 2.74355 2.82035 2.75642 2.52786 2.33492 2.3549 0.726785 0.783468 0.725611 0.550111 0.65873 0.366546 0.396746 0.28318 -1.21196e-07 -3.46868e-07 -3.48573e-07 -3.06346e-07 -4.04803e-07 4.58251e-07 
4.75419e-07 -7.14399e-08 -4.26583e-07 -1.32604e-07 0.833275 0.872564 0.999378 1.66196 1.66417 1.56245 1.67059 1.68047 1.64368 1.63938 1.61239 1.4603 1.46829 1.42294 1.37334 1.3527 1.3632 1.43013 1.72159 1.8627 1.36842 1.37677 1.46021 1.59015 1.60159 1.24346 1.21736 1.28015 9.53438e-08 1.1629e-07 -3.00495e-07 1.56298e-07 -1.10116e-07 -1.57464e-08 
0.573268 0.573268 0.371915 0.343158 0.274094 0.280038 0.217847 0.173026 0.206877 0.255429 0.211355 0.20367 0.219076 0.214211 0.218833 0.273841 0.287602 0.311859 0.349052 0.361555 0.33536 0.268693 0.143555 0.0621602 -0.00495102 -0.0455253 -0.0310019 0.0315507 0.0385715 0.0760824 0.0608146 0.108389 0.124692 0.172425 0.163422 0.165832 0.0325191 -0.0195372 
%
-1 31 134 5 1.000e+00 68 93 106 117 116 114 115 104 113 97 92 96 103 102 94 100 98 132 138 136 122 119 101 118 112 111 69 110 109 108 50 52 137 140 130 56 129 51 59 6 64 67 33 66 65 63 107 62 99 
1.302e+01 1.327e+01 1.323e+01 1.317e+01 1.312e+01 1.306e+01 1.302e+01 1.284e+01 1.297e+01 1.294e+01 1.302e+01 1.292e+01 1.288e+01 1.285e+01 1.280e+01 1.280e+01 1.275e+01 1.271e+01 1.274e+01 1.271e+01 1.285e+01 1.283e+01 1.279e+01 1.277e+01 1.273e+01 1.272e+01 1.271e+01 1.268e+01 1.275e+01 1.263e+01 1.260e+01 1.255e+01 1.252e+01 1.248e+01 1.245e+01 1.242e+01 1.255e+01 1.251e+01 1.248e+01 1.235e+01 1.232e+01 1.233e+01 1.234e+01 1.230e+01 1.211e+01 1.208e+01 1.201e+01 1.195e+01 1.178e+01 1.173e+01 1.166e+01 1.160e+01 1.155e+01 1.149e+01 1.142e+01 1.137e+01 1.124e+01 1.118e+01 1.110e+01 1.091e+01 1.087e+01 1.091e+01 1.082e+01 1.075e+01 1.064e+01 1.055e+01 1.047e+01 1.046e+01 1.039e+01 1.039e+01 1.027e+01 1.025e+01 1.013e+01 1.004e+01 9.967e+00 9.951e+00 1.009e+01 9.852e+00 9.807e+00 9.770e+00 9.804e+00 9.795e+00 9.818e+00 9.810e+00 9.825e+00 9.843e+00 9.879e+00 9.934e+00 1.001e+01 1.009e+01 1.018e+01 1.030e+01 1.037e+01 1.048e+01 1.060e+01 1.076e+01 1.094e+01 1.104e+01 1.121e+01 1.127e+01 1.161e+01 1.172e+01 1.221e+01 1.260e+01 
-1.169e+01 -1.134e+01 -1.093e+01 -1.081e+01 -1.069e+01 -1.058e+01 -1.046e+01 -1.052e+01 -1.053e+01 -9.904e+00 -9.374e+00 -9.154e+00 -9.068e+00 -8.936e+00 -8.821e+00 -8.707e+00 -8.566e+00 -8.421e+00 -8.411e+00 -8.298e+00 -7.881e+00 -7.737e+00 -7.586e+00 -7.433e+00 -7.282e+00 -7.105e+00 -6.960e+00 -6.801e+00 -6.632e+00 -6.398e+00 -6.242e+00 -6.083e+00 -5.913e+00 -5.774e+00 -5.606e+00 -5.439e+00 -5.254e+00 -5.101e+00 -4.928e+00 -4.913e+00 -4.783e+00 -4.508e+00 -4.288e+00 -4.089e+00 -4.006e+00 -3.802e+00 -3.422e+00 -3.161e+00 -2.915e+00 -2.673e+00 -2.369e+00 -2.059e+00 -1.745e+00 -1.429e+00 -1.031e+00 -6.833e-01 -2.879e-01 8.701e-02 4.012e-01 8.627e-01 1.451e+00 1.956e+00 2.449e+00 3.117e+00 3.596e+00 4.260e+00 4.827e+00 5.708e+00 6.350e+00 6.913e+00 7.835e+00 8.646e+00 9.443e+00 1.021e+01 1.118e+01 1.205e+01 1.294e+01 1.354e+01 1.443e+01 1.523e+01 1.609e+01 1.703e+01 1.787e+01 1.881e+01 1.976e+01 2.071e+01 2.166e+01 2.259e+01 2.351e+01 2.441e+01 2.528e+01 2.612e+01 2.691e+01 2.768e+01 2.841e+01 2.903e+01 2.949e+01 2.967e+01 2.936e+01 2.983e+01 3.007e+01 3.067e+01 3.097e+01 3.135e+01 
-2.301e-03 3.996e-03 -1.389e-02 -3.180e-02 -3.559e-02 -3.977e-02 -4.460e-02 -5.417e-02 -4.717e-02 -4.398e-02 -3.380e-02 -2.974e-02 -3.057e-02 -3.290e-02 -3.431e-02 -3.035e-02 -3.477e-02 -3.427e-02 -3.576e-02 -3.271e-02 -3.205e-02 -2.895e-02 -3.218e-02 -2.950e-02 -3.176e-02 -2.557e-02 -2.341e-02 -2.430e-02 -2.715e-02 -2.937e-02 -3.158e-02 -3.824e-02 -3.782e-02 -3.840e-02 -3.634e-02 -3.573e-02 -3.459e-02 -3.533e-02 -3.476e-02 -4.119e-02 -4.500e-02 -3.854e-02 -4.026e-02 -4.385e-02 -4.377e-02 -4.095e-02 -4.398e-02 -4.539e-02 -4.933e-02 -5.067e-02 -5.372e-02 -5.826e-02 -5.740e-02 -5.706e-02 -5.649e-02 -5.486e-02 -5.655e-02 -5.810e-02 -5.880e-02 -5.861e-02 -6.146e-02 -6.270e-02 -6.981e-02 -7.012e-02 -7.017e-02 -7.102e-02 -7.060e-02 -6.245e-02 -6.438e-02 -6.026e-02 -5.292e-02 -4.963e-02 -5.744e-02 -6.303e-02 -7.342e-02 -3.954e-02 -4.302e-03 -9.577e-02 -8.135e-02 -6.599e-02 -6.657e-02 -7.730e-02 -1.730e-02 -1.056e-02 -5.904e-03 6.432e-04 9.601e-03 2.328e-02 3.926e-02 5.205e-02 6.771e-02 8.430e-02 8.665e-02 9.532e-02 1.035e-01 1.101e-01 1.107e-01 1.201e-01 1.054e-01 1.182e-01 1.060e-01 1.089e-01 1.036e-01 9.951e-02 
5.974e-03 8.599e-03 2.585e-02 6.558e-02 8.150e-02 8.547e-02 1.008e-01 1.186e-01 1.169e-01 1.075e-01 1.056e-01 1.004e-01 9.875e-02 1.070e-01 1.106e-01 1.112e-01 1.177e-01 1.291e-01 1.245e-01 1.246e-01 1.383e-01 1.377e-01 1.373e-01 1.418e-01 1.478e-01 1.479e-01 1.482e-01 1.509e-01 1.442e-01 1.510e-01 1.526e-01 1.558e-01 1.577e-01 1.560e-01 1.585e-01 1.605e-01 1.599e-01 1.565e-01 1.631e-01 1.666e-01 1.693e-01 1.774e-01 1.860e-01 1.901e-01 2.073e-01 2.077e-01 2.147e-01 2.246e-01 2.326e-01 2.355e-01 2.572e-01 2.739e-01 2.843e-01 2.973e-01 3.205e-01 3.285e-01 3.377e-01 3.486e-01 3.599e-01 3.828e-01 4.032e-01 4.290e-01 4.458e-01 4.797e-01 5.060e-01 5.287e-01 5.395e-01 5.722e-01 5.990e-01 6.191e-01 6.524e-01 6.782e-01 7.023e-01 7.308e-01 7.597e-01 7.932e-01 8.259e-01 8.499e-01 8.650e-01 8.879e-01 8.941e-01 9.048e-01 9.172e-01 9.264e-01 9.336e-01 9.427e-01 9.428e-01 9.436e-01 9.417e-01 9.313e-01 9.132e-01 8.935e-01 8.644e-01 8.331e-01 7.988e-01 7.639e-01 7.421e-01 7.407e-01 7.700e-01 7.448e-01 7.159e-01 6.755e-01 6.327e-01 5.489e-01 
0
13.35 13.34 14.4176 14.3693 14.3371 14.3232 14.3163 14.2577 14.1982 14.688 15.1636 15.0514 15.0688 14.9951 14.9368 14.8193 14.8849 14.7517 14.8059 14.7118 15.7634 15.741 15.8191 15.747 15.7496 15.5354 15.4959 15.477 15.5581 15.5155 15.6332 15.749 15.7501 15.7682 15.7375 15.6907 15.6783 15.7305 15.6946 15.7844 15.8514 15.7797 15.7542 15.6759 15.3618 15.3273 15.3292 15.288 15.2981 15.2196 15.2458 15.2012 15.1485 15.0426 14.8313 14.6477 14.4668 14.3641 14.1479 13.0489 12.9989 13.2092 13.2216 13.0771 13.0223 12.977 12.91 12.8275 12.7318 12.6448 12.5166 12.4917 12.4917 12.3954 12.1591 12.0438 11.9101 12.2343 12.0924 11.9068 11.8839 11.9684 11.5941 11.5815 11.5213 11.4988 11.4841 11.4531 11.422 11.4372 11.4822 11.5071 11.521 11.5711 11.6294 11.8639 11.9346 11.9754 12.0493 12.2664 12.3273 12.4039 12.4965 12.6 
-12.42 -12.41 -11.8361 -11.7672 -11.7304 -11.5909 -11.5309 -11.4182 -11.3581 -11.0115 -10.8942 -10.8215 -10.6797 -10.5412 -10.3905 -10.4023 -10.2104 -10.1871 -10.0106 -9.95302 -9.61382 -9.56733 -9.3229 -9.28894 -9.08471 -9.11822 -9.03742 -8.8454 -8.6805 -8.38585 -8.17142 -7.82802 -7.67114 -7.51212 -7.39855 -7.25502 -7.09983 -6.87868 -6.74378 -6.4386 -6.14093 -6.1841 -5.99682 -5.77339 -5.65394 -5.51042 -5.23995 -5.0145 -4.70675 -4.49406 -4.18292 -3.92218 -3.65976 -3.44752 -3.23209 -2.99212 -2.6291 -2.26488 -1.92425 -1.8442 -1.63046 -1.40449 -1.14125 -0.272683 0.101947 0.542167 0.952898 1.37695 2.04491 2.4876 3.0735 3.33971 3.76419 4.13786 6.96609 7.58005 8.22477 9.22072 9.79162 10.5686 11.4512 12.4238 13.1544 13.9465 14.9045 15.8784 16.9165 17.9044 18.9278 19.9374 20.9458 21.9289 22.9223 23.8857 24.8429 25.7129 26.5747 27.4014 28.2293 28.925 29.6268 30.2604 30.8384 31.35 
1.59966 1.76401 2.49546 2.50703 2.56343 2.54018 2.6142 2.66825 2.67968 4.48346 4.60625 4.5487 4.45921 4.37233 4.30904 4.40171 4.35996 4.4893 4.51394 4.575 4.66725 4.81834 4.77282 4.89652 4.85301 4.96375 5.0371 5.01414 4.96218 4.84801 4.85209 4.71438 4.7203 4.73461 4.7901 4.83675 4.79294 4.76499 4.75038 4.69449 4.62658 4.74286 4.72975 4.77061 4.76269 4.85308 4.86548 4.96846 4.95703 5.03092 5.05418 5.15664 5.20128 5.33777 5.45598 5.58043 5.59191 5.66646 5.72449 5.92233 6.78776 7.1428 7.44792 7.15427 7.35615 7.50486 7.75038 8.49104 8.49598 8.61383 8.73811 9.316 9.69273 10.123 8.09214 8.37965 8.55777 8.43232 8.67649 8.72545 8.67275 8.5573 8.6407 8.65683 8.52688 8.36143 8.08108 7.92387 7.60798 7.28422 6.93941 6.69716 6.16173 5.79896 5.38554 5.0247 4.64415 3.69838 3.05017 1.63195 0.938962 0.842962 0.240428 7.87264e-07 
0.0911282 1.19144 1.21205 1.24399 1.27354 1.34909 1.40658 1.63738 1.64908 2.21338 2.73608 2.66975 2.76032 2.72714 2.71422 2.60331 2.70464 2.58653 2.65536 2.60251 3.77658 3.79691 3.93026 3.89545 3.93594 3.79024 3.77597 3.83648 3.9082 3.90436 4.07279 4.20907 4.23832 4.30485 4.29122 4.27155 4.36706 4.4747 4.45934 4.60764 4.75794 4.71639 4.72168 4.69921 4.44717 4.4687 4.48625 4.50009 4.55565 4.52404 4.65435 4.63855 4.67156 4.58596 4.40456 4.30529 4.19806 4.15429 3.99014 2.93871 2.93479 3.26816 3.3048 3.33443 3.33334 3.38189 3.39846 3.47319 3.49418 3.53288 3.58612 3.67194 3.69245 3.63191 3.62664 3.77482 3.82651 4.12503 4.07778 3.96308 3.96343 4.00393 3.93654 3.9759 3.86432 3.82519 3.76662 3.738 3.68406 3.60831 3.56226 3.49884 3.35002 3.28898 3.18512 3.24331 3.12967 2.555 2.09798 2.15429 1.92016 1.81844 0.522165 1.32268e-07 
1.93845 1.1358 2.06402 2.0223 1.98251 2.00627 1.98731 1.99921 1.95431 1.95923 1.88045 1.85866 1.87103 1.86911 1.87163 1.83731 1.85797 1.83023 1.85044 1.82756 1.79846 1.77795 1.80101 1.77585 1.78246 1.74195 1.72745 1.73041 1.75689 1.76288 1.77485 1.81155 1.8062 1.81218 1.79615 1.78987 1.7838 1.79283 1.78079 1.81316 1.83058 1.7847 1.784 1.79745 1.77891 1.76543 1.7728 1.77019 1.77975 1.78268 1.77669 1.78041 1.77001 1.76038 1.74524 1.73628 1.7367 1.73597 1.73273 1.72271 1.72204 1.71593 1.72614 1.71594 1.70859 1.70433 1.70091 1.67951 1.67785 1.66784 1.65174 1.64385 1.65241 1.65683 1.66714 1.62061 1.57601 1.68301 1.66456 1.64499 1.64511 1.65602 1.58966 1.58219 1.57712 1.57011 1.56061 1.54613 1.52913 1.51496 1.49678 1.47673 1.47089 1.45688 1.44201 1.42759 1.42271 1.4101 1.43475 1.41338 1.42376 1.4109 1.40851 1.39145 
%
-1 71 137 5 1.000e+00 127 128 135 151 145 134 125 120 126 133 139 141 124 123 85 142 150 87 82 86 149 79 83 84 70 131 61 
-1.295e+01 -1.287e+01 -1.149e+01 -1.155e+01 -1.139e+01 -1.118e+01 -1.092e+01 -1.059e+01 -1.057e+01 -1.010e+01 -9.486e+00 -9.036e+00 -8.564e+00 -7.697e+00 -7.243e+00 -6.790e+00 -6.272e+00 -6.057e+00 -5.465e+00 -5.067e+00 -4.487e+00 -3.631e+00 -3.079e+00 -2.544e+00 -2.070e+00 -1.500e+00 -9.704e-01 -3.803e-01 1.739e-01 9.140e-01 1.587e+00 2.252e+00 2.844e+00 3.588e+00 4.189e+00 5.016e+00 5.504e+00 6.245e+00 6.978e+00 7.631e+00 8.387e+00 9.068e+00 9.736e+00 1.044e+01 1.117e+01 1.188e+01 1.246e+01 1.335e+01 1.413e+01 1.495e+01 1.584e+01 1.747e+01 1.826e+01 1.908e+01 1.987e+01 2.067e+01 2.142e+01 2.218e+01 2.290e+01 2.359e+01 2.414e+01 2.422e+01 2.409e+01 2.463e+01 2.485e+01 2.526e+01 2.566e+01 
4.715e+00 4.668e+00 4.637e+00 5.179e+00 5.207e+00 5.233e+00 5.228e+00 5.237e+00 5.384e+00 5.481e+00 5.222e+00 5.071e+00 5.062e+00 5.221e+00 4.994e+00 5.016e+00 5.057e+00 5.044e+00 5.060e+00 4.933e+00 4.908e+00 4.830e+00 4.798e+00 4.789e+00 4.751e+00 4.726e+00 4.710e+00 4.725e+00 4.724e+00 4.680e+00 4.581e+00 4.584e+00 4.593e+00 4.617e+00 4.616e+00 4.619e+00 4.562e+00 4.519e+00 4.408e+00 4.472e+00 4.618e+00 4.688e+00 4.739e+00 4.758e+00 4.838e+00 4.933e+00 4.998e+00 5.154e+00 5.212e+00 5.235e+00 5.348e+00 5.144e+00 5.189e+00 5.221e+00 5.315e+00 5.444e+00 5.565e+00 5.723e+00 5.877e+00 6.054e+00 6.235e+00 6.061e+00 5.923e+00 6.043e+00 6.191e+00 6.407e+00 6.588e+00 
8.375e-02 8.375e-02 1.068e-01 1.707e-01 1.674e-01 1.826e-01 2.042e-01 2.308e-01 3.350e-01 3.793e-01 3.928e-01 4.457e-01 4.621e-01 4.225e-01 3.815e-01 4.022e-01 4.294e-01 4.573e-01 4.924e-01 5.220e-01 5.426e-01 4.780e-01 5.029e-01 5.221e-01 5.491e-01 5.523e-01 5.721e-01 5.790e-01 5.788e-01 5.738e-01 5.584e-01 5.705e-01 5.788e-01 5.939e-01 5.975e-01 6.112e-01 6.137e-01 6.175e-01 6.361e-01 6.454e-01 6.542e-01 6.630e-01 6.670e-01 6.770e-01 6.910e-01 6.973e-01 6.769e-01 6.934e-01 7.126e-01 7.307e-01 7.661e-01 8.403e-01 8.443e-01 8.477e-01 8.371e-01 8.269e-01 7.911e-01 7.828e-01 7.637e-01 7.428e-01 7.135e-01 7.178e-01 7.209e-01 6.714e-01 6.940e-01 6.651e-01 6.035e-01 
-4.674e-02 -4.674e-02 -2.769e-02 2.551e-02 2.442e-02 2.318e-02 1.422e-02 1.406e-02 5.556e-02 6.351e-02 3.861e-02 2.799e-02 2.505e-02 3.106e-02 2.422e-02 1.694e-02 1.780e-02 2.262e-02 2.365e-02 1.295e-02 4.375e-03 -6.631e-03 -1.462e-02 -1.496e-02 -1.699e-02 -1.555e-02 -2.223e-02 -1.154e-02 -9.090e-03 -1.722e-03 7.367e-03 1.107e-03 -1.450e-03 3.792e-03 3.187e-03 6.352e-03 1.770e-02 3.295e-02 3.240e-02 3.969e-02 5.399e-02 6.102e-02 6.463e-02 6.557e-02 6.935e-02 7.271e-02 7.128e-02 9.144e-02 8.967e-02 7.875e-02 8.248e-02 3.392e-02 1.312e-02 7.847e-03 2.019e-02 2.612e-02 8.436e-02 1.067e-01 1.312e-01 1.477e-01 1.611e-01 1.702e-01 1.619e-01 1.565e-01 1.592e-01 1.579e-01 1.889e-01 
0
-12.95 -12.87 -12.72 -12.5717 -12.5053 -12.3875 -12.16 -11.88 -11.5496 -11.1688 -10.5479 -10.0123 -9.47264 -9.04765 -8.65681 -8.10598 -7.51641 -8.47172 -7.82343 -7.35365 -6.81767 -6.34166 -5.81429 -5.19699 -4.59089 -3.99526 -3.41731 -2.72992 -2.21769 -1.62082 -0.9889 -0.471873 0.166997 0.774868 1.37192 1.9656 2.56867 3.07651 3.97037 4.64671 5.35102 6.03864 6.7324 7.46523 8.2267 8.98112 9.30393 10.4458 11.0292 11.1088 11.2394 13.981 14.884 15.7539 16.6369 17.5688 18.5144 19.3572 20.2312 20.9948 21.822 22.5378 23.2304 23.8986 24.4808 25.07 25.66 
4.715 4.668 4.589 4.33353 4.32142 4.40749 4.337 4.274 4.35875 4.37609 3.72009 3.72317 3.69178 3.69543 2.74851 2.84125 2.87061 2.80299 2.86279 2.94483 2.98464 3.06415 3.10924 3.226 3.32044 3.31548 3.32962 3.2973 3.27676 3.3083 2.86324 3.00828 3.15568 3.2883 3.29759 3.24807 3.26289 3.28772 2.71343 2.74891 2.76487 2.82576 2.9606 3.16276 3.23543 3.29197 3.2064 3.26739 3.29914 3.36974 3.42473 4.00621 4.15617 4.07351 4.27568 4.34151 4.28662 4.39024 4.48535 4.60496 4.75388 4.97594 5.22648 5.37683 5.77123 6.157 6.31 
-3.14659e-07 -1.68544e-07 2.35687 2.43847 2.47113 2.52159 2.51439 2.50755 2.49525 2.56704 2.49475 2.46239 2.44533 5.0165 4.67666 4.24005 4.2053 5.72653 5.63819 5.44039 5.38079 5.37134 5.57112 5.64279 5.70247 5.57976 5.43248 5.33296 5.46567 5.56341 5.523 5.6231 5.61931 5.65569 5.64108 6.7128 6.72729 6.66236 6.35792 6.38966 6.51581 6.57886 6.52345 6.50076 6.41945 6.41227 6.88856 6.57212 6.73248 7.39401 7.96375 5.82148 5.39538 5.25792 5.10017 4.91176 4.6613 4.5449 4.38046 4.39137 3.8729 3.50759 2.46688 2.02982 1.22011 0.347382 0.201793 
3.54918e-08 9.71203e-08 0.711475 1.8624 1.9772 1.9815 2.1724 2.33639 2.14217 2.22713 3.1275 3.28494 3.4018 3.40108 4.42081 4.39839 4.37708 4.38986 4.35392 4.37473 4.37811 4.3429 4.27587 3.9745 3.70828 3.45576 3.27503 3.12117 3.13583 3.04616 3.45461 3.2561 3.08091 3.06699 3.03631 3.0935 3.1104 3.21885 2.86229 2.81003 2.79452 2.74937 2.62777 2.45713 2.42229 2.35888 2.48399 2.70004 2.79675 2.78832 2.79634 2.10716 2.10377 2.23848 2.03413 2.12829 1.97457 1.93361 1.84503 1.81192 1.77298 1.13075 1.02684 1.01826 0.763539 0.526867 0.455508 
-0.509033 -0.509033 -0.253764 0.14837 0.144803 0.126251 0.0695204 0.0608377 0.16435 0.165895 0.0979945 0.0627079 0.054155 0.0733862 0.0633967 0.0420987 0.0414267 0.0494369 0.0479897 0.0248038 0.00806387 -0.0138708 -0.0290648 -0.0286506 -0.0309366 -0.0281535 -0.0388385 -0.0199301 -0.0157024 -0.00300024 0.0131933 0.00194075 -0.00250541 0.00638469 0.00533411 0.0103922 0.0288323 0.0533075 0.0508961 0.0614093 0.082346 0.0917663 0.0966026 0.0965477 0.100022 0.103904 0.10492 0.131114 0.125178 0.107356 0.10726 0.0403422 0.0155343 0.00925615 0.0241125 0.0315779 0.106237 0.135436 0.170097 0.196245 0.222142 0.232784 0.220909 0.228951 0.225466 0.233111 0.303347 
%
-1 108 152 5 1.000e+00 155 161 176 183 160 159 154 146 152 
-1.058e+01 -1.046e+01 -1.027e+01 -1.230e+01 -1.222e+01 -1.162e+01 -1.145e+01 -1.133e+01 -1.120e+01 -1.093e+01 -1.078e+01 -1.063e+01 -1.049e+01 -1.036e+01 -1.026e+01 -1.014e+01 -9.582e+00 -9.451e+00 -9.337e+00 -9.194e+00 -9.044e+00 -8.862e+00 -8.710e+00 -8.244e+00 -8.131e+00 -8.022e+00 -7.900e+00 -7.718e+00 -7.539e+00 -6.896e+00 -6.715e+00 -6.655e+00 -6.142e+00 -5.835e+00 -5.730e+00 -5.572e+00 -5.462e+00 -5.314e+00 -5.116e+00 -5.003e+00 -4.477e+00 -4.158e+00 -4.067e+00 -3.964e+00 -3.882e+00 
7.619e+00 7.505e+00 7.476e+00 6.438e+00 6.436e+00 6.179e+00 6.195e+00 6.201e+00 6.228e+00 6.272e+00 6.336e+00 6.360e+00 6.376e+00 6.410e+00 6.421e+00 6.436e+00 6.260e+00 6.274e+00 6.286e+00 6.312e+00 6.325e+00 6.344e+00 6.357e+00 6.627e+00 6.654e+00 6.647e+00 6.648e+00 6.699e+00 6.737e+00 6.667e+00 6.712e+00 6.595e+00 6.627e+00 6.506e+00 6.544e+00 6.586e+00 6.614e+00 6.646e+00 6.690e+00 6.710e+00 7.370e+00 8.080e+00 8.087e+00 8.108e+00 8.128e+00 
1.190e-01 1.190e-01 1.544e-01 9.375e-02 9.010e-02 1.331e-01 1.415e-01 1.346e-01 1.370e-01 1.514e-01 1.458e-01 1.484e-01 1.493e-01 1.484e-01 1.344e-01 1.283e-01 1.303e-01 1.289e-01 1.242e-01 1.315e-01 1.385e-01 1.441e-01 1.478e-01 1.490e-01 1.440e-01 1.368e-01 1.267e-01 1.338e-01 1.414e-01 1.648e-01 1.775e-01 1.725e-01 1.461e-01 1.386e-01 1.293e-01 1.248e-01 1.254e-01 1.324e-01 1.438e-01 1.455e-01 1.123e-01 9.843e-02 9.620e-02 9.414e-02 9.148e-02 
-1.144e-01 -1.144e-01 -7.152e-02 -7.539e-03 -6.036e-03 -4.082e-04 5.588e-03 7.245e-03 1.379e-02 1.487e-02 2.442e-02 2.659e-02 2.794e-02 2.946e-02 2.985e-02 1.990e-02 1.773e-02 1.782e-02 1.664e-02 1.924e-02 1.877e-02 1.697e-02 1.662e-02 1.802e-02 1.819e-02 1.304e-02 9.724e-03 1.705e-02 2.208e-02 2.191e-02 3.188e-02 4.209e-02 3.532e-02 3.368e-02 4.193e-02 4.128e-02 3.492e-02 3.400e-02 3.676e-02 3.318e-02 2.264e-02 2.135e-03 4.568e-03 5.394e-03 6.878e-03 
0
-10.58 -10.46 -10.27 -13.6513 -13.5306 -13.1272 -12.8916 -12.8256 -12.6099 -12.4901 -12.1346 -12.0063 -11.8772 -11.7928 -11.6728 -11.7703 -11.5976 -11.5218 -11.5321 -11.4217 -11.3787 -11.3729 -11.2251 -11.1175 -11.0399 -11.101 -11.1283 -10.8826 -10.7047 -9.15826 -8.83345 -8.57142 -6.7176 -6.56946 -6.33994 -6.154 -6.059 -5.884 -5.725 -5.62 -4.913 -4.442 -4.331 -4.225 -4.123 
7.619 7.505 7.476 5.11197 5.12939 5.09353 4.95721 4.93892 4.8502 4.85963 4.7545 4.72286 4.73629 4.72092 4.68249 4.84003 4.3743 4.36812 4.39273 4.36339 4.38101 4.45732 4.4671 4.4352 4.41285 4.4729 4.51137 4.32792 4.24405 4.50048 4.44434 4.40217 4.83283 4.83008 4.85043 4.887 4.891 4.966 4.975 4.976 5.929 7.279 7.299 7.325 7.346 
1.3184e-07 -1.46151e-07 -4.00413e-07 3.28586 3.29335 3.20229 3.24895 3.43885 3.44873 3.48794 3.47222 3.55654 3.54818 3.65495 3.71683 3.77663 3.74343 3.8019 3.92819 4.0037 4.04735 4.1427 4.08273 5.89799 5.95102 5.99976 6.07642 6.15026 6.20306 4.62685 4.62466 4.69431 2.85844 2.89604 2.98759 2.94412 2.78573 2.60649 2.50476 2.38052 1.47646 0.60162 0.602109 0.61172 0.598832 
3.93486e-08 5.90513e-08 -8.41368e-08 2.57067 2.46226 2.35048 2.49273 2.4997 2.59686 2.55562 2.75539 2.80001 2.78827 2.80988 2.84624 2.67355 3.1333 3.12734 3.07347 3.09624 3.06274 2.96804 2.99867 3.56106 3.57662 3.68545 3.7688 3.65808 3.58361 3.67373 3.57751 3.4039 3.42137 3.45072 3.27164 3.25637 3.40247 3.39239 3.41393 3.47565 2.70243 1.59033 1.54818 1.53352 1.52239 
-0.765692 -0.765692 -0.433787 -0.0802407 -0.066895 -0.00306787 0.0394676 0.0537909 0.100322 0.0979479 0.166031 0.177257 0.184958 0.195993 0.218591 0.153847 0.135207 0.137354 0.133121 0.145311 0.134706 0.117215 0.111933 0.120421 0.12564 0.0950254 0.0765788 0.12673 0.154941 0.13219 0.1777 0.239373 0.23716 0.238349 0.313523 0.319331 0.271555 0.251316 0.250325 0.224253 0.199028 0.0216821 0.0474488 0.057232 0.0750487 
%
-1 69 152 5 1.000e+00 172 170 181 178 182 175 180 179 174 173 171 147 143 168 169 88 166 167 164 158 163 157 162 165 81 74 75 73 91 177 
1.426e+01 1.423e+01 1.425e+01 1.424e+01 1.423e+01 1.423e+01 1.424e+01 1.424e+01 1.427e+01 1.409e+01 1.404e+01 1.401e+01 1.402e+01 1.402e+01 1.399e+01 1.429e+01 1.400e+01 1.400e+01 1.431e+01 1.432e+01 1.432e+01 1.434e+01 1.496e+01 1.494e+01 1.494e+01 1.482e+01 1.482e+01 1.471e+01 1.472e+01 1.473e+01 1.455e+01 1.441e+01 1.429e+01 1.414e+01 1.413e+01 1.412e+01 1.416e+01 1.416e+01 1.416e+01 1.410e+01 1.409e+01 1.406e+01 1.402e+01 1.399e+01 1.363e+01 1.363e+01 1.354e+01 1.353e+01 1.349e+01 1.340e+01 1.344e+01 1.334e+01 1.332e+01 1.323e+01 1.317e+01 1.302e+01 1.324e+01 1.320e+01 1.315e+01 1.314e+01 1.309e+01 1.303e+01 1.301e+01 1.294e+01 1.290e+01 1.286e+01 1.282e+01 1.269e+01 1.255e+01 1.252e+01 1.249e+01 1.245e+01 1.243e+01 1.231e+01 1.227e+01 1.222e+01 1.220e+01 1.215e+01 1.211e+01 1.207e+01 1.205e+01 1.200e+01 1.195e+01 1.207e+01 
-1.249e+01 -1.249e+01 -1.243e+01 -1.237e+01 -1.219e+01 -1.210e+01 -1.193e+01 -1.184e+01 -1.172e+01 -1.116e+01 -1.112e+01 -1.098e+01 -1.086e+01 -1.071e+01 -1.060e+01 -1.048e+01 -1.072e+01 -1.059e+01 -1.003e+01 -9.857e+00 -9.773e+00 -9.632e+00 -8.416e+00 -8.304e+00 -8.234e+00 -8.389e+00 -8.290e+00 -8.034e+00 -7.919e+00 -7.810e+00 -7.852e+00 -7.656e+00 -7.494e+00 -7.291e+00 -7.145e+00 -7.005e+00 -6.701e+00 -6.559e+00 -6.405e+00 -6.291e+00 -6.137e+00 -5.965e+00 -5.801e+00 -5.606e+00 -5.167e+00 -4.964e+00 -4.917e+00 -4.695e+00 -4.513e+00 -4.372e+00 -4.036e+00 -3.762e+00 -3.544e+00 -3.255e+00 -2.944e+00 -2.878e+00 -2.520e+00 -2.142e+00 -1.900e+00 -1.644e+00 -1.431e+00 -1.204e+00 -9.587e-01 -6.922e-01 -4.650e-01 -2.361e-01 -7.013e-03 1.783e-01 4.700e-01 7.147e-01 9.632e-01 1.208e+00 1.466e+00 1.816e+00 2.080e+00 2.347e+00 2.614e+00 3.096e+00 3.408e+00 3.719e+00 4.027e+00 4.333e+00 4.685e+00 5.196e+00 
-2.577e-02 -2.577e-02 -6.161e-03 -7.786e-03 -8.132e-03 -6.308e-03 9.045e-04 -1.775e-03 5.938e-03 -2.124e-02 -2.454e-02 -2.657e-02 -1.607e-02 -1.427e-02 -1.919e-02 -7.237e-03 -1.348e-02 -8.368e-03 7.533e-03 9.072e-03 2.687e-03 8.951e-03 7.204e-03 3.731e-03 1.959e-03 7.574e-04 9.903e-04 -4.520e-04 4.251e-03 7.492e-03 3.397e-03 1.355e-03 -1.145e-03 3.504e-04 -4.167e-03 -5.698e-03 -3.696e-03 -1.238e-03 -1.914e-03 -8.469e-03 -9.663e-03 -1.499e-02 -2.444e-02 -2.909e-02 -2.800e-02 -2.805e-02 -3.089e-02 -2.564e-02 -2.741e-02 -2.768e-02 -2.580e-02 -2.731e-02 -2.777e-02 -3.716e-02 -4.279e-02 -3.623e-02 -1.780e-02 -1.662e-02 -2.214e-02 -1.434e-02 -2.263e-02 -3.143e-02 -3.687e-02 -4.220e-02 -4.754e-02 -4.564e-02 -4.268e-02 -4.678e-02 -3.816e-02 -3.839e-02 -3.528e-02 -3.629e-02 -3.317e-02 -3.154e-02 -3.360e-02 -3.910e-02 -3.292e-02 -3.545e-02 -3.687e-02 -3.755e-02 -3.162e-02 -3.918e-02 -3.955e-02 -2.753e-02 
5.601e-03 5.601e-03 3.183e-02 4.183e-02 7.523e-02 7.973e-02 1.121e-01 1.188e-01 1.301e-01 8.072e-02 7.441e-02 1.012e-01 1.076e-01 1.164e-01 1.109e-01 1.113e-01 1.032e-01 1.120e-01 1.238e-01 1.380e-01 1.178e-01 1.237e-01 1.002e-01 1.065e-01 8.848e-02 9.405e-02 9.464e-02 8.585e-02 8.994e-02 9.853e-02 9.790e-02 9.399e-02 1.130e-01 1.084e-01 1.184e-01 1.263e-01 1.512e-01 1.497e-01 1.601e-01 1.624e-01 1.636e-01 1.576e-01 1.616e-01 1.694e-01 1.757e-01 1.906e-01 1.952e-01 2.049e-01 1.983e-01 2.099e-01 2.090e-01 2.085e-01 2.089e-01 2.126e-01 2.102e-01 2.111e-01 2.300e-01 2.468e-01 2.449e-01 2.506e-01 2.495e-01 2.458e-01 2.367e-01 2.415e-01 2.357e-01 2.391e-01 2.393e-01 2.355e-01 2.384e-01 2.405e-01 2.424e-01 2.434e-01 2.499e-01 2.580e-01 2.597e-01 2.615e-01 2.636e-01 2.800e-01 2.904e-01 2.971e-01 3.027e-01 3.081e-01 3.177e-01 3.224e-01 
0
14.26 14.23 14.25 14.24 14.23 14.23 14.24 14.24 14.27 14.28 14.25 14.24 14.26 14.27 14.25 14.9409 15.0575 15.046 15.3216 15.3718 15.5317 15.3808 16.2769 16.4972 16.5725 16.6587 16.6667 16.7561 16.4902 16.3626 16.6006 16.731 16.8665 16.8151 17.0129 17.0624 17.0353 17.0058 17.0513 17.2317 17.2709 17.3899 17.5248 17.5661 17.3124 17.2934 17.365 17.3192 17.3528 17.3447 17.3407 16.4608 16.4662 16.4957 16.505 16.4008 16.0974 16.0515 16.0445 16.0149 16.0966 16.0765 16.0947 16.0796 16.13 16.1814 16.1536 16.2559 16.1701 16.2052 16.2013 16.2232 16.1911 16.1348 16.1563 16.2493 16.1901 16.1718 16.1729 16.1469 16.0383 16.1504 16.1394 15.7067 
-12.49 -12.49 -12.43 -12.37 -12.19 -12.1 -11.93 -11.84 -11.72 -11.58 -11.54 -11.4 -11.29 -11.14 -11.07 -10.9357 -11.5095 -11.5354 -11.7465 -11.5827 -11.3671 -11.4016 -11.3971 -11.115 -10.9513 -10.7503 -10.6697 -10.5093 -10.5949 -10.5524 -10.2629 -10.1074 -9.82619 -9.77856 -9.41433 -9.23203 -9.09892 -9.00441 -8.83663 -8.50893 -8.28608 -7.8772 -7.38284 -7.03961 -6.91999 -6.77892 -6.48619 -6.41199 -6.12894 -5.94497 -5.74348 -5.6343 -5.38895 -4.95966 -4.566 -4.53514 -4.72594 -4.55161 -4.22829 -4.14245 -3.78515 -3.40304 -3.03745 -2.6541 -2.31937 -2.08515 -1.88477 -1.50832 -1.43698 -1.24188 -1.06933 -0.872135 -0.777697 -0.700347 -0.525523 -0.383036 -0.470469 -0.109673 0.113247 0.290361 0.386083 0.694761 0.771276 2.85465 
9.46862e-07 6.56317e-07 1.46739e-08 -1.03001e-07 -4.20135e-07 1.73841e-07 2.97912e-07 -3.81316e-07 1.04446e-07 0.901923 0.91978 0.938985 0.922951 0.914443 1.00675 1.02161 1.78462 1.85999 3.59409 3.6295 3.43196 3.59097 5.75891 5.50538 5.30863 5.12751 5.09501 4.96034 5.07953 5.10911 4.88386 4.78588 4.60458 4.63826 4.38242 4.34634 4.39071 4.43669 4.42935 4.25639 4.14339 3.86756 3.5882 3.52489 5.95204 5.82888 5.55015 5.42394 5.22394 5.11165 4.989 4.87466 4.69963 4.46832 4.20874 4.24955 4.69061 4.80368 4.73854 4.88243 4.75332 4.56397 4.42697 4.30028 4.40859 4.42909 4.47427 4.49982 4.57261 4.66942 4.73304 4.85425 5.00929 5.19708 5.35759 5.65623 5.90643 5.91503 6.02178 6.17142 6.42337 6.51536 6.76093 4.91045 
-3.51206e-07 3.40404e-07 -4.11774e-08 -2.51275e-07 4.3603e-07 1.97012e-08 1.30134e-07 4.84401e-08 -2.79655e-07 0.165937 0.138941 0.228925 0.357576 0.391656 0.363678 1.1671 1.93382 1.9414 2.24577 2.32686 2.50239 2.37696 3.30546 3.56939 3.67337 3.76883 3.7969 3.93617 3.70434 3.59299 3.83294 3.98143 4.22677 4.37711 4.45561 4.54703 4.54664 4.59939 4.6945 4.89835 4.96957 5.16309 5.40552 5.5157 5.29845 5.30997 5.44839 5.42116 5.53137 5.54572 5.58634 4.74432 4.8085 4.91555 5.04364 4.97144 4.69685 4.74723 4.8019 4.94336 5.01747 4.976 5.01099 5.1127 5.1848 5.32478 5.34265 5.51561 5.4845 5.5676 5.64437 5.67046 5.65106 5.61435 5.64132 5.72493 5.68975 5.73784 5.75313 5.74576 5.70961 5.78619 5.82028 5.67482 
2.92758 2.92758 1.76199 1.75482 1.67847 1.64975 1.56273 1.58574 1.52519 1.82811 1.88933 1.82771 1.71907 1.69276 1.74213 1.63573 1.70067 1.64535 1.51 1.50513 1.54799 1.49854 1.49901 1.53577 1.54865 1.56274 1.56033 1.57606 1.52357 1.49491 1.53611 1.55638 1.58092 1.56756 1.60597 1.61589 1.59523 1.57907 1.58275 1.62289 1.62977 1.66561 1.72087 1.74084 1.72886 1.71691 1.72778 1.69526 1.70815 1.70194 1.69358 1.70106 1.70297 1.74382 1.77162 1.7408 1.64805 1.63801 1.66095 1.62795 1.66125 1.69801 1.7253 1.74378 1.76983 1.75945 1.7473 1.76693 1.7295 1.7291 1.71535 1.71877 1.70278 1.69246 1.69945 1.7192 1.69507 1.69676 1.69709 1.69651 1.67487 1.69728 1.69465 1.65598 
%
