# OpenCV traffic intelligence Sun Nov 15 18:04:10 2009
# Miss/0404052336.avi ./Miss-prototypes.txt ./Miss 14.985 0 1.5 3 0 130 1000 0.05 3 5 5 3 0.01 1 3 0.6 0 20 5 5 20 0.3 20 4 0.5 1.6 6 0.5 0.02 3 0 -1 1.5 3.5 4 1.6 10 30 static 30 5 0.7 2.5 0.05 30 0.005 1 15 5 -2 0.1 0.05 8 100 2.5 0.5 1 0 0.7 
-1 36 88 5 1.000e+00 11 5 13 14 8 12 16 4 
-1.730e+01 -1.704e+01 -1.692e+01 -1.590e+01 -1.577e+01 -1.570e+01 -1.565e+01 -1.506e+01 -1.496e+01 -1.471e+01 -1.450e+01 -1.430e+01 -1.417e+01 -1.387e+01 -1.371e+01 -1.351e+01 -1.293e+01 -1.273e+01 -1.249e+01 -1.218e+01 -1.185e+01 -1.148e+01 -1.087e+01 -1.049e+01 -1.030e+01 -9.858e+00 -9.534e+00 -9.119e+00 -8.582e+00 -8.074e+00 -7.485e+00 -6.970e+00 -6.429e+00 -5.808e+00 -5.183e+00 -4.485e+00 -3.790e+00 -3.116e+00 -2.281e+00 -1.566e+00 -7.538e-01 1.725e-01 1.079e+00 2.028e+00 2.910e+00 4.746e+00 5.825e+00 6.970e+00 8.203e+00 9.035e+00 9.926e+00 1.119e+01 1.226e+01 
2.030e+01 2.024e+01 2.022e+01 2.059e+01 2.055e+01 2.049e+01 2.066e+01 2.085e+01 2.077e+01 2.073e+01 2.077e+01 2.072e+01 2.068e+01 2.067e+01 2.061e+01 2.054e+01 2.050e+01 2.046e+01 2.043e+01 2.038e+01 2.034e+01 2.031e+01 2.042e+01 2.034e+01 2.028e+01 2.027e+01 2.023e+01 2.020e+01 2.017e+01 2.015e+01 2.012e+01 2.002e+01 1.992e+01 1.986e+01 1.976e+01 1.971e+01 1.966e+01 1.954e+01 1.949e+01 1.944e+01 1.945e+01 1.948e+01 1.953e+01 1.965e+01 1.991e+01 2.045e+01 2.070e+01 2.096e+01 2.122e+01 2.143e+01 2.178e+01 2.194e+01 2.236e+01 
2.556e-01 2.556e-01 1.880e-01 1.514e-01 1.431e-01 1.248e-01 1.673e-01 1.629e-01 1.352e-01 1.720e-01 1.910e-01 2.018e-01 1.774e-01 2.183e-01 1.997e-01 1.982e-01 2.333e-01 2.428e-01 2.507e-01 2.728e-01 2.960e-01 3.048e-01 3.435e-01 3.569e-01 3.663e-01 3.917e-01 3.776e-01 3.887e-01 4.220e-01 4.456e-01 4.747e-01 5.129e-01 5.381e-01 5.547e-01 5.782e-01 5.999e-01 6.362e-01 6.627e-01 7.053e-01 7.234e-01 7.463e-01 7.924e-01 8.388e-01 8.618e-01 8.951e-01 9.445e-01 9.704e-01 1.013e+00 1.061e+00 1.109e+00 1.104e+00 1.135e+00 1.002e+00 
-5.206e-02 -5.206e-02 -3.658e-02 -3.672e-02 -3.858e-02 -4.380e-02 -2.786e-02 -4.560e-02 -5.891e-02 -5.134e-02 -2.378e-02 -3.123e-02 -3.451e-02 -1.976e-02 -2.397e-02 -4.586e-02 -3.718e-02 -3.576e-02 -5.391e-02 -4.887e-02 -4.442e-02 -4.216e-02 -4.471e-02 -4.885e-02 -3.349e-02 -2.535e-02 -2.808e-02 -2.961e-02 -2.031e-02 -2.609e-02 -2.891e-02 -4.322e-02 -5.562e-02 -6.183e-02 -7.783e-02 -8.320e-02 -6.998e-02 -7.633e-02 -7.393e-02 -6.382e-02 -5.182e-02 -3.697e-02 -9.127e-04 3.238e-02 9.415e-02 1.638e-01 2.028e-01 2.341e-01 2.526e-01 2.450e-01 2.639e-01 2.430e-01 2.233e-01 
0
-17.3 -17.04 -16.92 -16.73 -16.6 -16.53 -16.41 -16.17 -16.07 -15.79 -15.6 -15.44 -15.32 -15 -14.86 -14.71 -14.35 -14.17 -13.9 -13.59 -13.24 -12.9 -12.56 -12.17 -11.8 -11.43 -11.08 -10.67 -10.14 -9.644 -9.081 -8.565 -8.14389 -7.57159 -7.0619 -6.43456 -6.06994 -5.44813 -4.74401 -4.08103 -3.32959 -2.46307 -1.63032 -0.806092 0.105182 2.454 3.542 4.669 5.798 6.941 8.133 9.353 12.26 
20.3 20.24 20.22 20.22 20.18 20.11 20.11 20.04 19.96 19.91 19.93 19.83 19.77 19.82 19.74 19.63 19.63 19.57 19.52 19.47 19.43 19.37 19.34 19.29 19.28 19.24 19.27 19.24 19.28 19.3 19.23 19.18 19.087 18.9882 18.9499 18.955 19.0451 18.8458 18.7848 18.7122 18.6835 18.5841 18.5013 18.3938 18.3187 18.57 18.7 18.97 19.21 19.47 19.82 20.03 22.36 
8.88066e-07 -5.60509e-07 9.04746e-07 1.44858 1.40296 1.31806 1.47812 1.60125 1.30124 1.49608 1.84519 1.84049 1.78932 1.98244 1.95874 1.80755 2.24577 2.34392 2.29971 2.34402 2.36891 2.39377 2.95701 2.97231 3.03125 3.39536 3.42897 3.47204 3.58463 3.59908 3.70219 3.6809 3.92409 4.02373 4.15926 4.24761 4.65899 4.52491 4.7367 4.7625 4.88394 4.9595 5.13806 5.25696 5.41575 4.24428 4.16416 4.18241 4.36481 4.15698 3.96789 3.82758 6.26652e-07 
-2.39483e-08 -7.98327e-07 8.86831e-07 1.11271 1.13451 1.25731 1.00439 1.99562 2.17055 1.98057 1.77163 1.90386 2.00869 1.72581 1.80625 2.08088 1.92628 1.91487 2.03305 1.99942 1.89889 1.91883 2.29089 2.2943 2.1348 2.16378 2.11008 2.11981 1.92455 1.88354 1.96866 1.96605 2.07746 2.18101 2.22486 2.1489 1.95606 2.35741 2.35082 2.26507 2.33796 2.35956 2.39421 2.48109 2.46834 2.46759 2.42938 2.35902 2.28204 2.22568 2.33119 2.32003 -8.51086e-07 
-0.200929 -0.200929 -0.192173 -0.237897 -0.263461 -0.337458 -0.164974 -0.272992 -0.410955 -0.29003 -0.123907 -0.153534 -0.192159 -0.0903024 -0.119431 -0.227314 -0.158027 -0.14625 -0.211806 -0.177245 -0.148959 -0.137464 -0.129453 -0.136037 -0.0911583 -0.0646223 -0.0742204 -0.0760181 -0.0480907 -0.05847 -0.0608179 -0.0840738 -0.103 -0.111017 -0.133808 -0.137819 -0.109569 -0.114673 -0.104445 -0.0879942 -0.0693276 -0.0466187 -0.00108811 0.03755 0.104803 0.171767 0.206062 0.227063 0.233661 0.217424 0.234695 0.210932 0.219271 
%
-1 11 103 5 1.000e+00 3 37 23 33 19 26 32 38 31 22 9 25 17 28 6 30 15 1 36 35 27 18 24 21 20 
-1.837e+01 -1.837e+01 -1.838e+01 -1.792e+01 -1.781e+01 -1.771e+01 -1.761e+01 -1.776e+01 -1.767e+01 -1.759e+01 -1.750e+01 -1.735e+01 -1.724e+01 -1.708e+01 -1.692e+01 -1.680e+01 -1.655e+01 -1.644e+01 -1.632e+01 -1.618e+01 -1.603e+01 -1.588e+01 -1.577e+01 -1.563e+01 -1.549e+01 -1.532e+01 -1.526e+01 -1.513e+01 -1.496e+01 -1.479e+01 -1.468e+01 -1.451e+01 -1.418e+01 -1.398e+01 -1.380e+01 -1.365e+01 -1.343e+01 -1.328e+01 -1.298e+01 -1.267e+01 -1.241e+01 -1.221e+01 -1.200e+01 -1.178e+01 -1.149e+01 -1.125e+01 -1.101e+01 -1.077e+01 -1.056e+01 -1.027e+01 -1.003e+01 -9.738e+00 -9.462e+00 -9.144e+00 -8.863e+00 -8.622e+00 -8.187e+00 -7.891e+00 -7.557e+00 -7.308e+00 -6.997e+00 -6.672e+00 -6.423e+00 -6.115e+00 -5.851e+00 -5.600e+00 -5.501e+00 -5.210e+00 -5.020e+00 -4.824e+00 -4.649e+00 -4.486e+00 -4.231e+00 -4.105e+00 -3.918e+00 -3.787e+00 -3.656e+00 -3.554e+00 -3.351e+00 -3.206e+00 -3.134e+00 -3.040e+00 -2.971e+00 -2.898e+00 -2.922e+00 -2.825e+00 -2.767e+00 -2.546e+00 -2.300e+00 -2.132e+00 -2.306e+00 -2.249e+00 -2.175e+00 
1.786e+01 1.786e+01 1.786e+01 1.800e+01 1.798e+01 1.795e+01 1.788e+01 1.768e+01 1.763e+01 1.759e+01 1.755e+01 1.753e+01 1.749e+01 1.745e+01 1.741e+01 1.735e+01 1.718e+01 1.713e+01 1.710e+01 1.705e+01 1.701e+01 1.694e+01 1.691e+01 1.683e+01 1.677e+01 1.672e+01 1.673e+01 1.666e+01 1.660e+01 1.653e+01 1.646e+01 1.639e+01 1.643e+01 1.637e+01 1.631e+01 1.623e+01 1.616e+01 1.620e+01 1.630e+01 1.620e+01 1.611e+01 1.600e+01 1.591e+01 1.588e+01 1.577e+01 1.572e+01 1.563e+01 1.553e+01 1.558e+01 1.555e+01 1.547e+01 1.542e+01 1.535e+01 1.528e+01 1.518e+01 1.513e+01 1.510e+01 1.504e+01 1.501e+01 1.493e+01 1.489e+01 1.495e+01 1.487e+01 1.491e+01 1.489e+01 1.486e+01 1.477e+01 1.477e+01 1.470e+01 1.467e+01 1.462e+01 1.458e+01 1.448e+01 1.442e+01 1.443e+01 1.442e+01 1.445e+01 1.442e+01 1.437e+01 1.436e+01 1.433e+01 1.431e+01 1.429e+01 1.427e+01 1.417e+01 1.416e+01 1.415e+01 1.417e+01 1.405e+01 1.377e+01 1.373e+01 1.370e+01 1.316e+01 
-5.633e-04 -5.633e-04 -6.658e-03 5.950e-02 7.094e-02 7.707e-02 8.757e-02 1.064e-01 1.032e-01 9.608e-02 9.367e-02 1.026e-01 1.024e-01 1.177e-01 1.137e-01 1.167e-01 1.230e-01 1.213e-01 1.116e-01 1.255e-01 1.341e-01 1.335e-01 1.334e-01 1.375e-01 1.381e-01 1.425e-01 1.416e-01 1.456e-01 1.532e-01 1.574e-01 1.606e-01 1.672e-01 1.774e-01 1.819e-01 1.826e-01 1.761e-01 1.842e-01 1.903e-01 1.883e-01 1.930e-01 2.072e-01 2.036e-01 2.057e-01 2.096e-01 2.204e-01 2.175e-01 2.257e-01 2.306e-01 2.408e-01 2.548e-01 2.551e-01 2.669e-01 2.733e-01 2.830e-01 2.811e-01 2.946e-01 2.942e-01 2.982e-01 3.039e-01 2.965e-01 2.982e-01 2.889e-01 2.808e-01 2.685e-01 2.712e-01 2.541e-01 2.430e-01 2.377e-01 2.241e-01 2.119e-01 2.034e-01 1.913e-01 1.794e-01 1.662e-01 1.645e-01 1.558e-01 1.468e-01 1.339e-01 1.292e-01 1.201e-01 1.086e-01 1.028e-01 9.548e-02 9.066e-02 7.493e-02 7.198e-02 6.415e-02 6.086e-02 5.734e-02 5.112e-02 4.777e-02 4.765e-02 4.496e-02 
-2.875e-03 -2.875e-03 -1.872e-03 -1.936e-02 -1.827e-02 -2.599e-02 -3.796e-02 -3.496e-02 -3.664e-02 -4.359e-02 -4.195e-02 -3.279e-02 -3.643e-02 -3.687e-02 -4.234e-02 -4.649e-02 -5.382e-02 -5.384e-02 -4.715e-02 -4.810e-02 -4.434e-02 -4.816e-02 -4.445e-02 -5.427e-02 -5.448e-02 -5.821e-02 -5.577e-02 -6.262e-02 -6.078e-02 -6.333e-02 -5.854e-02 -6.008e-02 -5.547e-02 -5.599e-02 -5.312e-02 -6.163e-02 -6.275e-02 -6.557e-02 -6.083e-02 -5.552e-02 -4.791e-02 -5.838e-02 -6.280e-02 -6.025e-02 -6.243e-02 -7.002e-02 -6.674e-02 -7.113e-02 -7.007e-02 -5.940e-02 -6.656e-02 -5.698e-02 -5.274e-02 -6.110e-02 -7.400e-02 -7.152e-02 -7.840e-02 -7.370e-02 -6.344e-02 -6.177e-02 -5.618e-02 -5.249e-02 -5.579e-02 -5.996e-02 -4.821e-02 -5.627e-02 -5.742e-02 -5.434e-02 -5.648e-02 -5.359e-02 -4.770e-02 -4.485e-02 -4.644e-02 -4.379e-02 -3.697e-02 -2.864e-02 -2.962e-02 -2.747e-02 -1.948e-02 -2.360e-02 -2.626e-02 -2.167e-02 -2.023e-02 -1.975e-02 -1.978e-02 -1.607e-02 -1.487e-02 -1.554e-02 -1.732e-02 -1.606e-02 -1.740e-02 -2.115e-02 -1.924e-02 
0
-19.4412 -19.4412 -16.68 -19.74 -19.6139 -19.48 -19.37 -19.5101 -19.4588 -19.4185 -19.358 -19.1335 -19.0475 -18.8872 -18.8415 -18.7483 -18.6039 -18.4885 -18.3531 -18.2174 -17.9924 -17.8683 -17.7279 -17.6459 -17.5493 -17.4297 -17.2713 -17.1801 -16.998 -16.8334 -16.6161 -16.4412 -16.2437 -16.0594 -15.8297 -15.7628 -15.5318 -15.376 -15.1473 -14.9246 -14.5948 -14.4644 -14.2787 -14.0785 -13.8842 -13.6669 -13.4406 -13.191 -12.9252 -12.5892 -12.3632 -12.0664 -11.7762 -11.4539 -11.2071 -10.9412 -10.6346 -10.282 -9.99698 -9.76313 -9.37351 -9.13097 -8.92383 -8.67962 -8.3519 -8.18306 -8.40299 -8.16815 -7.92162 -7.7326 -7.5795 -7.42036 -7.28561 -7.14028 -6.89404 -6.73693 -6.65096 -6.55423 -6.44907 -6.34329 -6.32031 -6.19997 -6.13153 -6.08532 -6.05877 -5.98797 -5.95969 -5.33216 -5.26478 -5.129 -5.11478 -5.2371 -4.989 
19.4331 19.4331 18.89 17.48 17.4072 17.47 17.4 16.649 16.639 16.62 16.5624 16.4483 16.428 16.3405 16.2974 16.2508 16.2198 16.2025 16.1823 16.094 16.0468 15.9132 15.8559 15.8089 15.7202 15.6928 15.6044 15.5692 15.4381 15.3221 15.2334 15.2182 15.1524 15.0799 14.9839 14.929 14.806 14.7251 14.6766 14.636 14.5612 14.4286 14.3459 14.3314 14.252 14.2388 14.1189 14.029 13.9788 13.9728 13.8765 13.7033 13.6252 13.6056 13.4614 13.3577 13.3118 13.3123 13.2343 13.1059 13.1433 13.0654 12.9753 12.999 13.003 12.8979 12.9315 12.9365 12.9636 12.8972 12.8138 12.7796 12.7217 12.6634 12.6087 12.4807 12.4746 12.45 12.3847 12.4207 12.4102 12.3357 12.3608 12.3391 12.4174 12.3778 12.3634 12.2043 12.1768 12.17 12.1627 12.2086 12.11 
2.04136 2.05117 3.40591 2.58751 2.67995 2.50943 2.28786 2.50788 2.46385 2.24622 2.2742 2.51087 2.43878 2.54651 2.38232 2.33606 2.64595 2.68371 2.66176 2.69107 2.63104 2.60509 2.57409 2.59832 2.64116 2.72799 2.71595 2.73605 2.73404 2.74609 2.71508 2.77338 3.01828 3.06549 3.05042 2.96946 2.97588 3.01384 3.048 3.84419 3.89717 3.85595 3.86292 3.93015 4.01119 3.94114 4.05814 3.9965 4.05369 4.17795 4.10231 4.22286 4.21668 4.22266 4.14716 4.28329 4.26622 4.22554 4.39009 4.41028 4.35651 4.43619 4.44551 4.48121 4.51435 4.51418 4.91286 4.9643 4.88696 4.90485 4.97381 4.99759 4.96564 4.91146 4.93491 4.99101 5.03147 4.99464 5.08795 5.01016 4.96523 4.98513 4.98303 4.96071 4.95569 5.00915 5.05901 4.43161 4.32752 3.75817 3.6443 3.58008 3.33291 
2.82388 2.82388 1.1185 2.29305 2.15952 2.22868 2.44121 3.0038 3.04022 3.22632 3.28412 3.0932 3.16214 3.10222 3.20582 3.26516 3.29085 3.28178 3.21233 3.17599 3.04644 3.21316 3.17156 3.31485 3.41492 3.39183 3.39173 3.44918 3.44302 3.52109 3.51916 3.48377 3.37674 3.39118 3.41778 3.59697 3.60995 3.637 4.32244 4.18952 4.06275 4.27405 4.38246 4.34528 4.32205 4.43876 4.40204 4.50892 4.51403 4.3137 4.43397 4.46787 4.44296 4.46849 4.69609 4.72771 4.75549 4.60734 4.58531 4.66061 4.45065 4.52462 4.62624 4.63463 4.35595 4.52062 4.66931 4.59246 4.50335 4.55391 4.52754 4.53129 4.65048 4.65905 4.58812 4.52885 4.55716 4.60237 4.43731 4.55692 4.72919 4.66525 4.63943 4.63944 4.17378 4.07555 4.10202 4.18066 4.23031 4.24679 4.37808 4.56464 3.07366 
-1.76432 -1.76432 -2.86756 -0.314548 -0.252099 -0.325234 -0.408996 -0.317431 -0.34104 -0.42592 -0.421106 -0.309415 -0.341742 -0.30348 -0.356573 -0.378992 -0.412477 -0.417772 -0.399639 -0.365984 -0.31934 -0.346216 -0.321653 -0.375873 -0.37585 -0.38773 -0.375253 -0.406168 -0.377723 -0.38257 -0.349617 -0.344947 -0.303003 -0.298659 -0.283027 -0.336639 -0.328299 -0.331874 -0.312406 -0.280154 -0.227243 -0.279302 -0.29628 -0.279859 -0.276028 -0.311479 -0.287518 -0.299151 -0.283225 -0.229066 -0.25526 -0.21034 -0.190635 -0.212662 -0.257407 -0.238186 -0.260401 -0.242339 -0.205796 -0.205414 -0.186201 -0.179697 -0.196154 -0.219677 -0.175922 -0.217948 -0.231997 -0.224789 -0.24682 -0.247685 -0.230403 -0.230318 -0.253326 -0.257579 -0.221067 -0.181811 -0.199088 -0.202276 -0.149616 -0.194062 -0.237392 -0.207814 -0.208789 -0.214509 -0.258113 -0.219647 -0.227806 -0.249999 -0.293314 -0.304336 -0.34938 -0.417694 -0.404335 
%
-1 81 104 5 1.000e+00 39 40 34 
1.663e+00 2.568e+00 3.363e+00 4.282e+00 5.279e+00 6.322e+00 7.542e+00 9.016e+00 1.013e+01 1.133e+01 1.224e+01 1.332e+01 1.455e+01 1.582e+01 1.703e+01 1.832e+01 1.935e+01 2.034e+01 2.124e+01 2.209e+01 2.286e+01 2.356e+01 2.403e+01 2.440e+01 
1.966e+01 1.966e+01 1.972e+01 2.003e+01 2.043e+01 2.082e+01 2.128e+01 2.166e+01 2.183e+01 2.193e+01 2.203e+01 2.210e+01 2.209e+01 2.194e+01 2.185e+01 2.147e+01 2.127e+01 2.103e+01 2.079e+01 2.062e+01 2.047e+01 2.039e+01 1.990e+01 2.009e+01 
9.044e-01 9.044e-01 9.439e-01 9.355e-01 9.537e-01 9.875e-01 1.044e+00 1.131e+00 1.170e+00 1.210e+00 1.183e+00 1.156e+00 1.107e+00 1.136e+00 1.141e+00 1.216e+00 1.206e+00 1.159e+00 1.086e+00 1.013e+00 9.091e-01 8.411e-01 8.101e-01 7.381e-01 
2.300e-03 2.300e-03 1.337e-01 1.922e-01 2.528e-01 2.769e-01 3.512e-01 3.861e-01 3.596e-01 2.994e-01 2.419e-01 1.639e-01 8.752e-02 2.258e-02 -1.540e-02 -1.107e-01 -1.654e-01 -2.130e-01 -2.302e-01 -2.460e-01 -1.999e-01 -1.774e-01 -1.434e-01 -1.182e-01 
0
1.253 2.147 2.99814 3.92978 4.8719 5.505 6.801 8.45624 9.57632 10.7609 11.56 12.483 13.7423 15.0705 16.41 17.5819 18.6548 19.6135 20.6033 21.4891 22.3096 23.0325 23.7238 24.4 
19.14 18.94 18.8688 19.1991 19.6896 20.16 20.77 21.2871 21.4211 21.5658 21.69 21.7581 21.8009 21.6238 21.54 20.8217 20.6648 20.4152 20.1765 20.0535 19.8932 19.8176 19.7031 20.09 
0.823642 0.845659 1.29189 1.38435 1.67247 2.32445 2.2061 1.69191 1.75426 1.68431 1.993 2.19859 2.12581 1.9475 1.65743 1.44757 1.27775 1.18289 0.876963 0.749852 0.675029 0.616581 0.534362 6.24806e-07 
1.03791 1.43785 1.65644 1.56427 1.27447 1.041 0.69253 0.471408 0.589624 0.60734 0.562177 0.569 0.653594 0.887634 0.942459 1.61614 1.61381 1.67633 1.68194 1.61923 1.58879 1.52244 0.494427 -2.5256e-07 
0.00254312 0.00254312 0.140681 0.202632 0.259105 0.273424 0.324622 0.329091 0.298133 0.24263 0.201673 0.140815 0.0788758 0.0198683 -0.0135001 -0.0907449 -0.136297 -0.181802 -0.20893 -0.2383 -0.216401 -0.207898 -0.1752 -0.158793 
%
-1 12 128 5 1.000e+00 69 75 73 72 71 51 50 41 70 63 62 65 60 74 64 58 49 61 47 48 54 59 53 46 45 68 56 66 67 43 42 57 2 52 55 44 10 0 7 
5.715e+00 5.686e+00 5.755e+00 5.765e+00 5.579e+00 5.615e+00 5.657e+00 5.580e+00 5.578e+00 5.587e+00 5.613e+00 5.637e+00 5.655e+00 5.638e+00 5.715e+00 5.710e+00 5.713e+00 5.710e+00 5.689e+00 5.666e+00 5.702e+00 5.640e+00 5.638e+00 5.648e+00 5.616e+00 5.928e+00 5.965e+00 5.728e+00 5.777e+00 5.759e+00 5.677e+00 5.378e+00 5.386e+00 5.304e+00 5.312e+00 5.248e+00 5.238e+00 5.098e+00 5.133e+00 5.090e+00 5.042e+00 4.997e+00 5.076e+00 5.032e+00 4.992e+00 4.909e+00 4.888e+00 4.877e+00 4.813e+00 4.754e+00 4.714e+00 4.672e+00 5.108e+00 5.119e+00 5.092e+00 5.259e+00 5.405e+00 5.367e+00 5.411e+00 5.464e+00 5.570e+00 5.677e+00 5.640e+00 5.761e+00 5.885e+00 6.011e+00 6.145e+00 6.254e+00 6.447e+00 6.638e+00 6.736e+00 6.882e+00 6.997e+00 6.973e+00 6.950e+00 6.982e+00 7.124e+00 7.143e+00 7.225e+00 7.292e+00 7.341e+00 7.392e+00 7.462e+00 7.485e+00 7.540e+00 7.616e+00 7.663e+00 7.743e+00 7.818e+00 7.881e+00 7.955e+00 8.047e+00 8.078e+00 8.132e+00 8.222e+00 8.295e+00 8.377e+00 8.438e+00 8.504e+00 8.560e+00 8.608e+00 8.639e+00 8.676e+00 8.691e+00 8.753e+00 8.793e+00 8.815e+00 8.820e+00 8.823e+00 8.887e+00 8.903e+00 8.920e+00 8.889e+00 8.953e+00 9.020e+00 9.076e+00 8.969e+00 
-8.683e+00 -8.746e+00 -8.480e+00 -8.322e+00 -9.751e+00 -9.627e+00 -9.477e+00 -9.437e+00 -9.330e+00 -9.214e+00 -8.933e+00 -8.646e+00 -8.417e+00 -8.246e+00 -7.907e+00 -7.490e+00 -7.214e+00 -6.967e+00 -6.700e+00 -6.411e+00 -6.051e+00 -5.837e+00 -5.510e+00 -5.209e+00 -4.874e+00 -5.220e+00 -4.877e+00 -4.869e+00 -4.562e+00 -4.572e+00 -4.325e+00 -3.911e+00 -3.660e+00 -3.720e+00 -3.523e+00 -3.245e+00 -3.034e+00 -2.721e+00 -2.390e+00 -1.951e+00 -1.644e+00 -1.299e+00 -7.090e-01 -2.360e-01 9.245e-02 4.651e-01 8.788e-01 1.330e+00 1.705e+00 2.193e+00 2.650e+00 3.121e+00 4.100e+00 4.668e+00 5.279e+00 5.559e+00 5.931e+00 6.697e+00 7.151e+00 7.760e+00 8.458e+00 9.137e+00 9.379e+00 1.000e+01 1.056e+01 1.098e+01 1.147e+01 1.205e+01 1.254e+01 1.302e+01 1.337e+01 1.382e+01 1.399e+01 1.408e+01 1.423e+01 1.449e+01 1.458e+01 1.483e+01 1.502e+01 1.529e+01 1.550e+01 1.571e+01 1.595e+01 1.622e+01 1.646e+01 1.673e+01 1.704e+01 1.741e+01 1.763e+01 1.802e+01 1.842e+01 1.888e+01 1.920e+01 1.967e+01 2.020e+01 2.073e+01 2.130e+01 2.187e+01 2.244e+01 2.302e+01 2.364e+01 2.427e+01 2.490e+01 2.552e+01 2.615e+01 2.680e+01 2.747e+01 2.813e+01 2.882e+01 2.961e+01 2.969e+01 2.992e+01 2.985e+01 3.044e+01 3.105e+01 3.172e+01 3.237e+01 
-2.854e-02 -2.854e-02 1.999e-02 1.682e-02 3.485e-02 3.519e-02 4.772e-02 3.662e-02 2.930e-02 2.024e-02 2.199e-02 2.068e-02 1.482e-02 1.186e-02 2.566e-02 1.927e-02 1.534e-02 1.102e-02 1.031e-02 -9.916e-03 -1.600e-03 -1.480e-02 -1.427e-02 -8.193e-03 -1.008e-02 1.572e-02 3.070e-02 2.842e-02 3.396e-02 8.839e-03 -2.378e-02 -1.871e-02 -8.905e-03 -4.140e-02 -3.317e-02 -3.522e-02 -3.351e-02 -5.117e-02 -2.275e-02 -3.247e-02 -3.008e-02 -3.745e-02 -3.264e-02 -4.538e-02 -4.220e-02 -4.904e-02 -4.290e-02 -3.974e-02 -4.368e-02 -4.761e-02 -3.907e-02 -4.316e-02 -2.139e-02 -5.838e-03 -3.386e-03 2.695e-03 1.058e-02 7.987e-03 1.442e-02 3.197e-02 5.797e-02 6.878e-02 8.566e-02 9.587e-02 1.111e-01 1.195e-01 1.251e-01 1.279e-01 1.243e-01 1.219e-01 1.149e-01 1.095e-01 1.085e-01 9.776e-02 8.798e-02 8.411e-02 8.618e-02 8.335e-02 8.324e-02 9.209e-02 8.646e-02 7.810e-02 7.143e-02 6.599e-02 5.668e-02 5.545e-02 5.474e-02 5.800e-02 6.139e-02 6.276e-02 6.756e-02 7.657e-02 7.397e-02 7.023e-02 7.601e-02 7.566e-02 7.355e-02 7.191e-02 7.433e-02 6.757e-02 6.266e-02 5.244e-02 4.765e-02 3.734e-02 3.061e-02 2.865e-02 2.626e-02 1.975e-02 1.655e-02 1.712e-02 1.971e-02 3.200e-02 3.710e-02 3.556e-02 4.539e-02 3.090e-02 9.860e-03 
-6.282e-02 -6.282e-02 1.013e-01 1.202e-01 1.045e-01 1.088e-01 1.376e-01 1.581e-01 1.508e-01 1.223e-01 1.718e-01 2.017e-01 2.036e-01 2.165e-01 2.616e-01 2.885e-01 2.868e-01 2.904e-01 3.091e-01 2.992e-01 2.878e-01 2.754e-01 2.915e-01 2.982e-01 3.073e-01 3.182e-01 3.352e-01 3.386e-01 3.315e-01 3.019e-01 2.883e-01 2.636e-01 2.582e-01 2.920e-01 2.645e-01 2.697e-01 2.563e-01 2.750e-01 2.744e-01 3.262e-01 3.319e-01 3.571e-01 3.771e-01 4.003e-01 3.665e-01 3.755e-01 3.883e-01 4.079e-01 3.882e-01 4.200e-01 4.370e-01 4.484e-01 5.136e-01 5.482e-01 5.674e-01 5.778e-01 6.117e-01 6.163e-01 6.201e-01 6.306e-01 6.634e-01 6.633e-01 6.415e-01 6.392e-01 6.199e-01 5.926e-01 5.622e-01 5.298e-01 4.937e-01 4.650e-01 4.298e-01 4.028e-01 3.810e-01 3.336e-01 2.932e-01 2.616e-01 2.420e-01 2.077e-01 2.015e-01 2.077e-01 2.085e-01 2.061e-01 2.145e-01 2.230e-01 2.270e-01 2.488e-01 2.679e-01 2.956e-01 3.159e-01 3.453e-01 3.622e-01 3.922e-01 4.114e-01 4.363e-01 4.643e-01 4.895e-01 5.124e-01 5.328e-01 5.529e-01 5.634e-01 5.819e-01 5.944e-01 6.065e-01 6.168e-01 6.313e-01 6.363e-01 6.432e-01 6.505e-01 6.638e-01 6.468e-01 6.566e-01 6.448e-01 6.617e-01 6.516e-01 6.951e-01 6.756e-01 6.761e-01 
0
5.715 5.686 5.755 5.765 5.338 5.381 5.462 5.542 5.559 5.606 5.63 5.653 5.66021 5.69101 5.778 5.787 5.797 5.783 5.819 5.90554 5.848 5.91644 5.89968 5.83235 5.82325 6.453 6.485 6.495 6.545 6.5189 6.52566 6.52688 6.52425 6.6629 6.62042 6.57012 6.57869 6.52251 6.42086 6.34678 6.33597 6.33379 6.25736 6.26674 6.25546 6.17333 6.13969 6.15197 6.0947 6.0446 5.97865 5.97957 5.97553 5.91534 5.89733 6.55152 6.57382 6.47958 6.49679 6.45704 6.41256 6.43916 6.30696 6.34697 6.3608 6.43207 6.49249 6.51157 6.53792 6.68573 6.75712 6.81493 6.81704 6.82602 6.85891 6.83527 6.79653 6.68534 6.76062 6.76466 6.93651 7.13267 7.45801 7.67965 7.99503 8.21162 8.36102 8.482 8.52567 8.67461 8.676 8.6719 8.78193 8.91937 8.98491 9.08871 9.16082 9.22725 9.26706 9.35945 9.44676 9.56177 9.62907 9.72425 9.77712 9.79985 9.81126 9.86458 9.87975 9.84705 9.64092 9.71018 9.3787 9.38105 9.162 9.156 8.969 
-8.683 -8.746 -8.48 -8.322 -11.4 -11.34 -11.29 -10.99 -10.87 -10.68 -10.47 -10.24 -10.0702 -9.88893 -9.615 -9.118 -8.852 -8.605 -8.162 -7.8514 -7.469 -7.26926 -6.97778 -6.70195 -6.30899 -7.127 -6.734 -6.33 -5.996 -6.00393 -5.65088 -5.39389 -5.10416 -6.35263 -6.02113 -5.70994 -5.40761 -5.15675 -4.99535 -4.37305 -4.07799 -3.66862 -3.35091 -2.97957 -2.60041 -2.14753 -1.80885 -1.37145 -1.10776 -0.542189 -0.0271885 0.40342 1.01193 1.43203 1.9966 2.49597 3.09959 3.70878 4.20975 4.71189 5.274 5.84284 5.53268 6.11782 6.57403 7.03785 7.58727 7.9206 8.29713 8.50283 8.86963 9.11285 9.23802 9.41332 9.6776 9.92603 10.2915 10.394 10.6674 10.8801 11.1512 11.3024 11.5646 11.8515 12.165 12.5338 12.8682 13.1567 13.5508 13.9442 14.3314 14.7653 15.267 15.7703 16.2806 16.8179 17.4334 17.954 18.4759 19.1123 19.7125 20.473 21.0102 21.6688 22.4024 23.1034 23.7184 24.4824 25.3258 26.3245 26.5212 26.4911 28.4801 29.2929 30.96 31.66 32.37 
-5.13989e-08 -3.77099e-08 -1.17646e-07 6.60407e-08 3.28009 3.40409 3.55365 3.50997 3.46173 3.48232 3.59095 3.72612 3.8393 3.87374 4.06998 3.84618 3.87692 3.89198 3.54723 3.51833 3.45419 3.47527 3.57305 3.5803 3.42583 4.41617 4.17112 3.96962 3.70524 4.00835 3.95476 3.90464 3.78286 5.43143 5.23414 5.19762 5.13086 5.39259 5.53385 5.26436 5.32087 5.25893 5.33035 5.51714 5.41781 5.43823 5.54138 5.60429 5.843 5.71032 5.62281 5.68251 5.80009 5.9843 5.97392 6.0146 6.13997 6.22996 6.47113 6.52715 6.62528 6.67798 7.59898 7.58728 7.75776 7.74544 7.62673 7.69634 7.76818 7.91777 7.91621 8.04521 7.6926 7.814 7.78429 7.73883 7.55683 7.62176 7.54081 7.55779 7.48082 7.60611 7.57099 7.47769 7.47538 7.41621 7.42135 7.41907 7.3623 7.35465 7.37029 7.3303 7.28975 7.27371 7.25572 7.18718 7.10769 7.09747 7.1586 7.06425 7.02771 6.85911 6.90782 6.84604 6.73589 6.60809 6.59722 6.42388 6.15743 5.71809 6.50314 6.45538 2.95592 2.25389 0.139517 0.102532 9.9387e-07 
1.5843e-07 2.1062e-07 1.73362e-07 1.04839e-07 0.586138 0.607941 0.819461 0.495019 0.463315 0.453475 0.429488 0.414728 0.374427 0.412541 0.488056 0.461359 0.407875 0.384597 0.423691 0.466456 0.390552 0.473042 0.460975 0.390469 0.420079 1.03658 1.09258 1.52245 1.50539 1.48184 1.53316 2.76837 2.85134 2.66545 2.76725 2.71723 2.83062 2.61506 2.81948 2.84345 2.93157 3.04465 3.08016 3.08676 3.19753 3.2471 3.29279 3.49172 3.46134 3.63271 3.79622 3.85056 1.6849 1.70797 1.75956 2.49376 2.50436 2.39678 2.33787 2.37448 2.31235 2.28584 2.42205 2.42605 2.35135 2.41293 2.4026 2.45236 2.42629 2.56273 2.53274 2.55799 2.52118 2.56628 2.60599 2.56619 2.53612 2.61327 2.59386 2.8659 2.77207 2.74284 2.7675 2.72735 2.82876 2.90613 2.91861 2.97782 2.9008 2.96555 2.86936 2.82539 2.79805 2.83746 2.80496 2.77042 2.78309 2.73787 2.71598 2.70371 2.7511 2.84138 2.84795 3.00328 2.65731 2.54868 2.70183 2.77936 2.60468 2.83092 1.93612 2.04403 1.46222 0.855156 0.2769 0.165858 -2.22945e-07 
-1.99723 -1.99723 1.37596 1.43177 1.2488 1.25802 1.23702 1.34312 1.37893 1.40674 1.44344 1.46861 1.49812 1.51605 1.47301 1.50411 1.51737 1.53285 1.53744 1.60392 1.57636 1.62447 1.6197 1.59827 1.60357 1.52145 1.47945 1.48706 1.46873 1.54153 1.65311 1.64165 1.60527 1.71162 1.69556 1.70066 1.70082 1.75474 1.6535 1.67001 1.66117 1.67529 1.65713 1.68368 1.68544 1.70065 1.68083 1.66792 1.68284 1.68367 1.65996 1.66676 1.61243 1.58144 1.57676 1.56613 1.55351 1.55784 1.54755 1.52014 1.48363 1.46748 1.43805 1.42193 1.39347 1.37172 1.35186 1.33386 1.32411 1.3145 1.30958 1.30534 1.29349 1.28569 1.27928 1.25965 1.22875 1.18909 1.17897 1.15338 1.17765 1.20865 1.24934 1.28307 1.32613 1.35151 1.36927 1.37705 1.37883 1.39098 1.38638 1.37798 1.39289 1.41122 1.40854 1.41745 1.42821 1.43665 1.43717 1.45143 1.46352 1.48279 1.49239 1.51033 1.52234 1.52581 1.52998 1.54044 1.54587 1.54434 1.54079 1.52121 1.51478 1.51627 1.50558 1.52509 1.55621 
%
